0.01	1.4822508016292086e-45
0.011	1.3794182394492958e-41
0.012	2.8096115692132094e-38
0.013000000000000001	1.777921988315765e-35
0.014	4.489364735702225e-33
0.015	5.434779730395864e-31
0.016	3.6199551093532416e-29
0.017	1.473958073374312e-27
0.018000000000000002	3.9820487538971607e-26
0.019000000000000003	7.614838843284565e-25
0.02	1.0854901083031279e-23
0.020999999999999998	1.2028231894434667e-22
0.022	1.0722144956426864e-21
0.023	7.909893487214877e-21
0.024	4.9445258107896754e-20
0.025	2.671530661529057e-19
0.026000000000000002	1.2687300740137983e-18
0.027000000000000003	5.3723542989264795e-18
0.028000000000000004	2.0533951191009812e-17
0.028999999999999998	7.159540085274354e-17
0.03	2.2981747994204093e-16
0.031	6.845952573999844e-16
0.032	1.9057776495545902e-15
0.033	4.988446485014839e-15
0.034	1.2344314549832194e-14
0.035	2.9017659559604785e-14
0.036000000000000004	6.50736714588266e-14
0.037	1.3974922876457075e-13
0.038	2.883862428423373e-13
0.039	5.73599732301035e-13
0.04	1.1026768726011735e-12
0.041	2.053864036055015e-12
0.042	3.71497393020407e-12
0.043000000000000003	6.5386240493595245e-12
0.044000000000000004	1.1219382206003817e-11
0.045000000000000005	1.8799118447770925e-11
0.046000000000000006	3.080791187398977e-11
0.047	4.944889715536235e-11
0.048	7.783641707493286e-11
0.049	1.2029773125943065e-10
0.05	1.8274927582253748e-10
0.051000000000000004	2.73159035679393e-10
0.052000000000000005	4.0210694791607595e-10
0.053000000000000005	5.834553747533656e-10
0.054	8.351415502033553e-10
0.055	1.1801035058983883e-9
0.056	1.647350317894462e-9
0.057	2.2731865950744143e-9
0.058	3.1025999664678566e-9
0.059000000000000004	4.190818941625397e-9
0.060000000000000005	5.605046943155379e-9
0.061000000000000006	7.4263765761742154e-9
0.062000000000000006	9.751886341435244e-9
0.063	1.2696920054853077e-8
0.064	1.6397547244211987e-8
0.065	2.101320079169303e-8
0.066	2.6729486114594896e-8
0.067	3.3761154259996555e-8
0.068	4.235522946278782e-8
0.069	5.2794280007578264e-8
0.06999999999999999	6.53998196666548e-8
0.071	8.053582557745135e-8
0.072	9.861235718877918e-8
0.073	1.200892598561019e-7
0.074	1.4547993580918776e-7
0.075	1.7535516455358522e-7
0.076	2.1034695430018023e-7
0.077	2.5115240574111096e-7
0.078	2.9853756939939345e-7
0.079	3.533412778652389e-7
0.08	4.1647893448376384e-7
0.081	4.889462404646788e-7
0.082	5.718228429313368e-7
0.08299999999999999	6.662758871002888e-7
0.08399999999999999	7.735634565686091e-7
0.08499999999999999	8.950378865699897e-7
0.086	1.0321489360271016e-6
0.087	1.1864468052625544e-6
0.088	1.3595849873196058e-6
0.089	1.5533229419733164e-6
0.09	1.769528582669956e-6
0.091	2.0101805678053536e-6
0.092	2.2773703889301965e-6
0.093	2.573304249641864e-6
0.094	2.900304730078925e-6
0.095	3.260812233067713e-6
0.096	3.6573862090727845e-6
0.097	4.0927061581685175e-6
0.09799999999999999	4.569572408272096e-6
0.09899999999999999	5.090906669853619e-6
0.09999999999999999	5.65975236826374e-6
0.10099999999999999	6.27927475569052e-6
0.102	6.952760805571392e-6
0.103	7.683618893043462e-6
0.104	8.475378265713683e-6
0.105	9.33168830966984e-6
0.106	0.000010256317616234083
0.107	0.000011253152855482568
0.108	0.00001232619746302028
0.109	0.00001347957014690895
0.11	0.000014717503222000721
0.111	0.00001604434077923264
0.112	0.000017464536697688825
0.113	0.000018982652507441263
0.114	0.000020603355111337968
0.11499999999999999	0.000022331414374022396
0.11599999999999999	0.00002417170058654225
0.11699999999999999	0.000026129181814940792
0.118	0.00002820892114122637
0.119	0.000030416073805081497
0.12	0.00003275588425461056
0.121	0.000035233683114335734
0.122	0.000037854884078532956
0.123	0.00004062498073786186
0.124	0.000043549543347085063
0.125	0.00004663421554149048
0.126	0.00004988471100944126
0.127	0.000053306810128264874
0.128	0.000056906356570474644
0.129	0.000060689253887084975
0.13	0.0000646614620745417
0.131	0.00006882899413154168
0.132	0.00007319791261176397
0.133	0.00007777432617827705
0.134	0.00008256438616512783
0.135	0.00008757428315135704
0.136	0.00009281024355242378
0.137	0.0000982785262337608
0.138	0.00010398541915092237
0.139	0.00010993723602053099
0.14	0.00011614031302597226
0.14100000000000001	0.00012260100556153866
0.14200000000000002	0.0001293256850184788
0.14300000000000002	0.00013632073561616254
0.14400000000000002	0.00014359255128134374
0.14500000000000002	0.000151147532578266
0.14600000000000002	0.00015899208369213924
0.14700000000000002	0.00016713260946829252
0.14800000000000002	0.00017557551250910403
0.14900000000000002	0.0001843271903306007
0.15000000000000002	0.00019339403258042642
0.15100000000000002	0.00020278241831868957
0.15200000000000002	0.00021249871336301646
0.15300000000000002	0.00022254926769896567
0.15400000000000003	0.00023294041295679013
0.155	0.0002436784599553721
0.156	0.0002547696963140108
0.157	0.0002662203841325858
0.158	0.0002780367577404966
0.159	0.00029022502151463206
0.16	0.00030279134776651254
0.161	0.00031574187469862394
0.162	0.0003290827044298512
0.163	0.0003428199010898195
0.164	0.00035695948898185453
0.165	0.0003715074508141701
0.166	0.0003864697259988253
0.167	0.00040185220901789643
0.168	0.0004176607478562415
0.169	0.00043390114250017176
0.17	0.00045057914350127
0.171	0.000467700450604544
0.17200000000000001	0.0004852707114400535
0.17300000000000001	0.0005032955202770915
0.17400000000000002	0.0005217804168399568
0.17500000000000002	0.0005407308851843276
0.17600000000000002	0.0005601523526331878
0.17700000000000002	0.0005800501887712492
0.17800000000000002	0.0006004297044967617
0.17900000000000002	0.0006212961511295969
0.18000000000000002	0.0006426547195744578
0.18100000000000002	0.00066451053953805
0.18200000000000002	0.0006868686787990421
0.18300000000000002	0.000709734142529615
0.18400000000000002	0.0007331118726674077
0.18500000000000003	0.000757006747336647
0.186	0.0007814235803172416
0.187	0.0008063671205606398
0.188	0.0008318420517512105
0.189	0.0008578529919119472
0.19	0.0008844044930532816
0.191	0.0009115010408637845
0.192	0.000939147054441562
0.193	0.0009673468860651531
0.194	0.0009961048210027322
0.195	0.0010254250773584534
0.196	0.0010553118059547625
0.197	0.0010857690902495317
0.198	0.0011168009462868762
0.199	0.0011484113226805273
0.2	0.0011806041006286617
0.201	0.0012133830939590872
0.202	0.0012467520492037095
0.203	0.0012807146457012315
0.20400000000000001	0.0013152744957270306
0.20500000000000002	0.0013504351446492044
0.20600000000000002	0.00138620007110978
0.20700000000000002	0.0014225726872300875
0.20800000000000002	0.001459556338839355
0.20900000000000002	0.0014971543057255758
0.21000000000000002	0.0015353698019076897
0.21100000000000002	0.0015742059759282338
0.21200000000000002	0.001613665911165509
0.21300000000000002	0.0016537526261644528
0.21400000000000002	0.0016944690749853405
0.21500000000000002	0.0017358181475694901
0.21600000000000003	0.001777802670121192
0.21700000000000003	0.0018204254055050402
0.21800000000000003	0.0018636890536579318
0.219	0.0019075962520149626
0.22	0.001952149575948528
0.221	0.001997351539219871
0.222	0.002043204594442436
0.223	0.002089711133556349
0.224	0.0021368734883133473
0.225	0.0021846939307715797
0.226	0.002233174673799604
0.227	0.0022823178715890326
0.228	0.0023321256201752497
0.229	0.002382599957965597
0.23	0.0024337428662745486
0.231	0.0024855562698653014
0.232	0.002538042037497297
0.233	0.002591201982479175
0.234	0.0026450378632267065
0.23500000000000001	0.0026995513838252013
0.23600000000000002	0.0027547441945960033
0.23700000000000002	0.002810617892666584
0.23800000000000002	0.0028671740225439013
0.23900000000000002	0.0029244140766905126
0.24000000000000002	0.002982339496103202
0.24100000000000002	0.0030409516708935886
0.24200000000000002	0.003100251940870514
0.24300000000000002	0.0031602415961237557
0.24400000000000002	0.0032209218776087785
0.24500000000000002	0.003282293977732214
0.24600000000000002	0.003344359040937736
0.24700000000000003	0.0034071181642920693
0.24800000000000003	0.0034705723980708336
0.24900000000000003	0.0035347227463439312
0.25	0.003599570167560258
0.251	0.0036651155751314963
0.252	0.003731359838014672
0.253	0.0037983037812933653
0.254	0.003865948186757248
0.255	0.0039342937934798376
0.256	0.004003341298394172
0.257	0.0040730913568663065
0.258	0.004143544583266388
0.259	0.00421470155153717
0.26	0.004286562795759781
0.261	0.004359128810716626
0.262	0.004432400052451228
0.263	0.004506376938824906
0.264	0.004581059850070139
0.265	0.004656449129340506
0.266	0.004732545083257064
0.267	0.004809347982451062
0.268	0.0048868580621028975
0.269	0.004965075522477184
0.27	0.0050440005294538955
0.271	0.005123633215055412
0.272	0.005203973677969484
0.273	0.005285021984067965
0.274	0.005366778166921286
0.275	0.005449242228308551
0.276	0.005532414138723299
0.277	0.005616293837874737
0.278	0.005700881235184508
0.279	0.005786176210278891
0.28	0.005872178613476402
0.281	0.0059588882662707475
0.28200000000000003	0.006046304961809126
0.28300000000000003	0.006134428465365822
0.28400000000000003	0.006223258514811045
0.28500000000000003	0.006312794821075036
0.28600000000000003	0.006403037068607401
0.28700000000000003	0.006493984915831647
0.28800000000000003	0.006585637995594901
0.28900000000000003	0.0066779959156128
0.29000000000000004	0.0067710582589096124
0.29100000000000004	0.006864824584253461
0.29200000000000004	0.006959294426586713
0.29300000000000004	0.007054467297451607
0.29400000000000004	0.0071503426854109394
0.29500000000000004	0.007246920056464003
0.29600000000000004	0.007344198854457656
0.29700000000000004	0.0074421785014925895
0.29800000000000004	0.007540858398324785
0.299	0.007640237924762164
0.3	0.007740316440056507
0.301	0.007841093283290511
0.302	0.007942567773760201
0.303	0.008044739211352544
0.304	0.008147606876918382
0.305	0.008251170032640682
0.306	0.008355427922398085
0.307	0.008460379772123857
0.308	0.008566024790160208
0.309	0.008672362167607998
0.31	0.008779391078671935
0.311	0.008887110681001197
0.312	0.008995520116025538
0.313	0.009104618509286993
0.314	0.00921440497076706
0.315	0.009324878595209526
0.316	0.009436038462438871
0.317	0.009547883637674394
0.318	0.009660413171839966
0.319	0.009773626101869545
0.32	0.009887521451008427
0.321	0.010002098229110329
0.322	0.01011735543293026
0.323	0.010233292046413319
0.324	0.010349907040979303
0.325	0.010467199375803406
0.326	0.010585167998092724
0.327	0.010703811843358965
0.328	0.010823129835687038
0.329	0.010943120887999855
0.33	0.011063783902319255
0.331	0.011185117770023041
0.332	0.01130712137209831
0.333	0.01142979357939096
0.334	0.011553133252851532
0.335	0.011677139243777395
0.336	0.011801810394051244
0.337	0.011927145536376069
0.338	0.012053143494506502
0.339	0.012179803083476744
0.34	0.012307123109824937
0.341	0.012435102371814107
0.342	0.012563739659649803
0.343	0.01269303375569422
0.34400000000000003	0.012822983434677207
0.34500000000000003	0.012953587463903788
0.34600000000000003	0.013084844603458573
0.34700000000000003	0.013216753606406959
0.34800000000000003	0.01334931321899313
0.34900000000000003	0.013482522180834936
0.35000000000000003	0.013616379225115688
0.35100000000000003	0.013750883078772935
0.35200000000000004	0.013886032462684217
0.35300000000000004	0.014021826091849786
0.35400000000000004	0.014158262675572485
0.35500000000000004	0.01429534091763465
0.35600000000000004	0.014433059516472174
0.35700000000000004	0.014571417165345784
0.35800000000000004	0.01471041255250947
0.35900000000000004	0.014850044361376168
0.36000000000000004	0.014990311270680763
0.36100000000000004	0.015131211954640369
0.362	0.015272745083111994
0.363	0.01541490932174755
0.364	0.015557703332146332
0.365	0.015701125772004897
0.366	0.0158451752952645
0.367	0.015989850552255984
0.368	0.016135150189842344
0.369	0.016281072851558637
0.37	0.016427617177749865
0.371	0.01657478180570616
0.372	0.016722565369795963
0.373	0.016870966501596654
0.374	0.017019983830023174
0.375	0.017169615981454243
0.376	0.01731986157985644
0.377	0.01747071924690625
0.378	0.017622187602109828
0.379	0.01777426526292069
0.38	0.017926950844855426
0.381	0.018080242961607318
0.382	0.018234140225157958
0.383	0.018388641245886832
0.384	0.01854374463267911
0.385	0.018699448993031283
0.386	0.018855752933155175
0.387	0.019012655058079815
0.388	0.0191701539717517
0.389	0.019328248277133052
0.39	0.019486936576298502
0.391	0.01964621747052976
0.392	0.019806089560408826
0.393	0.019966551445909194
0.394	0.020127601726485655
0.395	0.02028923900116229
0.396	0.020451461868618764
0.397	0.020614268927275258
0.398	0.02077765877537553
0.399	0.02094163001106857
0.4	0.021106181232488738
0.401	0.02127131103783431
0.402	0.02143701802544456
0.403	0.021603300793875325
0.404	0.021770157941973282
0.405	0.021937588068948615
0.406	0.022105589774446325
0.40700000000000003	0.022274161658616266
0.40800000000000003	0.022443302322181728
0.40900000000000003	0.022613010366506574
0.41000000000000003	0.02278328439366134
0.41100000000000003	0.022954123006487803
0.41200000000000003	0.023125524808662312
0.41300000000000003	0.02329748840475789
0.41400000000000003	0.023470012400305218
0.41500000000000004	0.023643095401852027
0.41600000000000004	0.023816736017021813
0.41700000000000004	0.023990932854570907
0.41800000000000004	0.02416568452444464
0.41900000000000004	0.024340989637832273
0.42000000000000004	0.02451684680722081
0.42100000000000004	0.024693254646447775
0.42200000000000004	0.024870211770752725
0.42300000000000004	0.025047716796827817
0.42400000000000004	0.02522576834286741
0.42500000000000004	0.02540436502861632
0.42600000000000005	0.025583505475417403
0.427	0.02576318830625788
0.428	0.025943412145814783
0.429	0.02612417562049938
0.43	0.026305477358500674
0.431	0.026487315989827974
0.432	0.026669690146352346
0.433	0.026852598461847576
0.434	0.027036039572029658
0.435	0.02722001211459598
0.436	0.02740451472926315
0.437	0.027589546057804268
0.438	0.02777510474408526
0.439	0.027961189434100343
0.44	0.028147798776006722
0.441	0.028334931420158596
0.442	0.028522586019140025
0.443	0.02871076122779742
0.444	0.028899455703271106
0.445	0.029088668105026038
0.446	0.02927839709488191
0.447	0.02946864133704248
0.448	0.02965939949812429
0.449	0.029850670247184432
0.45	0.0300424522557479
0.451	0.030234744197834104
0.452	0.030427544749982733
0.453	0.030620852591279085
0.454	0.030814666403378477
0.455	0.031008984870530314
0.456	0.031203806679601504
0.457	0.03139913052009887
0.458	0.031594955084191585
0.459	0.031791279066732465
0.46	0.03198810116527901
0.461	0.03218542008011371
0.462	0.03238323451426385
0.463	0.03258154317352082
0.464	0.03278034476645863
0.465	0.032979638004452215
0.466	0.033179421601695125
0.467	0.03337969427521649
0.468	0.03358045474489766
0.46900000000000003	0.033781701733488385
0.47000000000000003	0.033983433966622414
0.47100000000000003	0.03418565017283257
0.47200000000000003	0.03438834908356553
0.47300000000000003	0.034591529433195836
0.47400000000000003	0.03479518995903983
0.47500000000000003	0.03499932940136883
0.47600000000000003	0.035203946503422005
0.47700000000000004	0.03540904001141884
0.47800000000000004	0.03561460867457099
0.47900000000000004	0.035820651245094044
0.48000000000000004	0.036027166478218485
0.48100000000000004	0.036234153132200624
0.48200000000000004	0.03644160996833267
0.48300000000000004	0.03664953575095318
0.48400000000000004	0.03685792924745614
0.48500000000000004	0.0370667892283005
0.48600000000000004	0.03727611446701881
0.48700000000000004	0.03748590374022589
0.48800000000000004	0.037696155827626726
0.48900000000000005	0.03790686951202449
0.49	0.03811804357932768
0.491	0.038329676818557534
0.492	0.03854176802185447
0.493	0.038754315984484734
0.494	0.0389673195048464
0.495	0.03918077738447523
0.496	0.039394688428050134
0.497	0.03960905144339837
0.498	0.03982386524150041
0.499	0.04003912863649461
0.5	0.04025484044568135
0.501	0.0404709994895274
0.502	0.040687604591669306
0.503	0.040904654578917045
0.504	0.041122148281257404
0.505	0.04134008453185661
0.506	0.04155846216706333
0.507	0.041777280026410964
0.508	0.04199653695261999
0.509	0.042216231791599716
0.51	0.0424363633924503
0.511	0.04265693060746398
0.512	0.0428779322921266
0.513	0.04309936730511843
0.514	0.0433212345083152
0.515	0.04354353276678859
0.516	0.043766260948806646
0.517	0.04398941792583412
0.518	0.044213002572532224
0.519	0.04443701376675867
0.52	0.04466145038956714
0.521	0.04488631132520676
0.522	0.045111595461121264
0.523	0.045337301687948216
0.524	0.045563428899517554
0.525	0.04578997599285063
0.526	0.04601694186815854
0.527	0.046244325428840466
0.528	0.04647212558148192
0.529	0.0467003412358528
0.53	0.046928971304905136
0.531	0.047158014704770865
0.532	0.047387470354759466
0.533	0.04761733717735518
0.534	0.047847614098214475
0.535	0.04807830004616299
0.536	0.048309393953192586
0.537	0.048540894754458275
0.538	0.04877280138827472
0.539	0.049005112796113
0.54	0.04923782792259702
0.541	0.049470945715499655
0.542	0.04970446512573918
0.543	0.04993838510737524
0.544	0.05017270461760489
0.545	0.05040742261675823
0.546	0.05064253806829431
0.547	0.05087804993879681
0.548	0.051113957197969365
0.549	0.05135025881863102
0.55	0.051586953776711776
0.551	0.05182404105124732
0.552	0.05206151962437466
0.553	0.05229938848132673
0.554	0.05253764661042749
0.555	0.052776293003086644
0.556	0.05301532665379466
0.557	0.05325474656011694
0.558	0.053494551722688785
0.559	0.05373474114520975
0.56	0.05397531383443787
0.561	0.05421626880018433
0.562	0.054457605055307286
0.5630000000000001	0.054699321615706446
0.5640000000000001	0.05494141750031682
0.5650000000000001	0.05518389173110294
0.5660000000000001	0.05542674333305267
0.5670000000000001	0.055669971334171245
0.5680000000000001	0.05591357476547497
0.5690000000000001	0.05615755266098498
0.5700000000000001	0.056401904057720956
0.5710000000000001	0.05664662799569475
0.5720000000000001	0.056891723517903864
0.5730000000000001	0.05713718967032516
0.5740000000000001	0.05738302550190805
0.5750000000000001	0.05762923006456806
0.5760000000000001	0.05787580241318013
0.5770000000000001	0.05812274160557192
0.5780000000000001	0.05837004670251698
0.5790000000000001	0.05861771676772805
0.5800000000000001	0.058865750867850064
0.5810000000000001	0.05911414807245338
0.5820000000000001	0.059362907454026635
0.5830000000000001	0.05961202808797016
0.5840000000000001	0.059861509052588274
0.5850000000000001	0.06011134942908295
0.5860000000000001	0.06036154830154615
0.587	0.06061210475695283
0.588	0.06086301788515406
0.589	0.06111428677886914
0.59	0.0613659105336789
0.591	0.061617888248018296
0.592	0.06187021902316873
0.593	0.06212290196325122
0.594	0.06237593617521858
0.595	0.06262932076884821
0.596	0.06288305485673454
0.597	0.06313713755428166
0.598	0.06339156797969578
0.599	0.06364634525397761
0.6	0.0639014685009149
0.601	0.06415693684707484
0.602	0.06441274942179648
0.603	0.06466890535718317
0.604	0.06492540378809462
0.605	0.06518224385213969
0.606	0.06543942468966835
0.607	0.06569694544376414
0.608	0.06595480526023649
0.609	0.06621300328761297
0.61	0.06647153867713129
0.611	0.06673041058273209
0.612	0.0669896181610506
0.613	0.06724916057140913
0.614	0.06750903697580934
0.615	0.0677692465389243
0.616	0.06802978842809058
0.617	0.06829066181330075
0.618	0.06855186586719515
0.619	0.06881339976505438
0.62	0.06907526268479121
0.621	0.06933745380694284
0.622	0.069599972314663
0.623	0.069862817393714
0.624	0.0701259882324591
0.625	0.07038948402185426
0.626	0.07065330395544057
0.627	0.07091744722933628
0.628	0.07118191304222868
0.629	0.07144670059536665
0.63	0.07171180909255223
0.631	0.07197723774013318
0.632	0.0722429857469949
0.633	0.07250905232455247
0.634	0.07277543668674277
0.635	0.07304213805001677
0.636	0.0733091556333314
0.637	0.07357648865814172
0.638	0.07384413634839315
0.639	0.07411209793051346
0.64	0.07438037263340486
0.641	0.07464895968843627
0.642	0.0749178583294353
0.643	0.07518706779268049
0.644	0.0754565873168933
0.645	0.07572641614323047
0.646	0.07599655351527586
0.647	0.07626699867903293
0.648	0.07653775088291671
0.649	0.07680880937774595
0.65	0.07708017341673543
0.651	0.07735184225548791
0.652	0.07762381515198671
0.653	0.07789609136658754
0.654	0.07816867016201073
0.655	0.07844155080333376
0.656	0.07871473255798318
0.657	0.07898821469572696
0.658	0.07926199648866672
0.659	0.07953607721123
0.66	0.07981045614016256
0.661	0.08008513255452059
0.662	0.08036010573566307
0.663	0.08063537496724392
0.664	0.08091093953520473
0.665	0.08118679872776645
0.666	0.08146295183542224
0.667	0.08173939815092976
0.668	0.08201613696930318
0.669	0.08229316758780601
0.67	0.08257048930594332
0.671	0.08284810142545404
0.672	0.08312600325030335
0.673	0.08340419408667545
0.674	0.08368267324296566
0.675	0.08396144002977315
0.676	0.0842404937598931
0.677	0.08451983374830947
0.678	0.08479945931218752
0.679	0.08507936977086604
0.68	0.0853595644458502
0.681	0.08564004266080393
0.682	0.08592080374154273
0.683	0.08620184701602578
0.684	0.08648317181434921
0.685	0.08676477746873802
0.686	0.0870466633135393
0.687	0.0873288286852146
0.6880000000000001	0.08761127292233252
0.6890000000000001	0.08789399536556168
0.6900000000000001	0.08817699535766314
0.6910000000000001	0.08846027224348334
0.6920000000000001	0.08874382536994689
0.6930000000000001	0.08902765408604885
0.6940000000000001	0.08931175774284827
0.6950000000000001	0.08959613569346031
0.6960000000000001	0.08988078729304926
0.6970000000000001	0.09016571189882161
0.6980000000000001	0.09045090887001873
0.6990000000000001	0.09073637756790963
0.7000000000000001	0.0910221173557839
0.7010000000000001	0.09130812759894477
0.7020000000000001	0.09159440766470174
0.7030000000000001	0.09188095692236412
0.7040000000000001	0.09216777474323296
0.7050000000000001	0.09245486050059525
0.7060000000000001	0.09274221356971589
0.7070000000000001	0.09302983332783131
0.7080000000000001	0.09331771915414229
0.7090000000000001	0.09360587042980721
0.7100000000000001	0.09389428653793466
0.7110000000000001	0.09418296686357724
0.7120000000000001	0.09447191079372402
0.7130000000000001	0.09476111771729397
0.714	0.09505058702512917
0.715	0.09534031810998793
0.716	0.09563031036653794
0.717	0.09592056319134937
0.718	0.09621107598288836
0.719	0.09650184814151022
0.72	0.09679287906945243
0.721	0.09708416817082842
0.722	0.09737571485162037
0.723	0.09766751851967274
0.724	0.09795957858468599
0.725	0.09825189445820932
0.726	0.09854446555363447
0.727	0.09883729128618918
0.728	0.09913037107293018
0.729	0.09942370433273731
0.73	0.09971729048630631
0.731	0.10001112895614281
0.732	0.10030521916655587
0.733	0.10059956054365085
0.734	0.10089415251532383
0.735	0.10118899451125483
0.736	0.10148408596290098
0.737	0.10177942630349111
0.738	0.10207501496801842
0.739	0.10237085139323462
0.74	0.10266693501764365
0.741	0.10296326528149519
0.742	0.10325984162677841
0.743	0.10355666349721589
0.744	0.10385373033825711
0.745	0.10415104159707253
0.746	0.10444859672254717
0.747	0.10474639516527441
0.748	0.10504443637755019
0.749	0.10534271981336636
0.75	0.10564124492840504
0.751	0.10594001118003196
0.752	0.10623901802729137
0.753	0.10653826493089867
0.754	0.10683775135323545
0.755	0.10713747675834309
0.756	0.10743744061191667
0.757	0.10773764238129925
0.758	0.10803808153547557
0.759	0.10833875754506633
0.76	0.10863966988232265
0.761	0.10894081802111945
0.762	0.10924220143694999
0.763	0.10954381960692015
0.764	0.10984567200974218
0.765	0.11014775812572936
0.766	0.11045007743678997
0.767	0.11075262942642149
0.768	0.11105541357970486
0.769	0.11135842938329886
0.77	0.11166167632543446
0.771	0.1119651538959089
0.772	0.11226886158608028
0.773	0.11257279888886157
0.774	0.11287696529871546
0.775	0.11318136031164837
0.776	0.11348598342520502
0.777	0.1137908341384627
0.778	0.11409591195202615
0.779	0.11440121636802156
0.78	0.1147067468900913
0.781	0.11501250302338838
0.782	0.11531848427457098
0.783	0.11562469015179704
0.784	0.11593112016471892
0.785	0.11623777382447767
0.786	0.11654465064369804
0.787	0.11685175013648287
0.788	0.11715907181840772
0.789	0.11746661520651595
0.79	0.11777437981931271
0.791	0.11808236517676007
0.792	0.11839057080027215
0.793	0.11869899621270885
0.794	0.11900764093837163
0.795	0.1193165045029976
0.796	0.11962558643375494
0.797	0.11993488625923697
0.798	0.1202444035094577
0.799	0.12055413771584633
0.8	0.12086408841124215
0.801	0.12117425512988976
0.802	0.12148463740743339
0.803	0.12179523478091232
0.804	0.12210604678875599
0.805	0.12241707297077833
0.806	0.12272831286817334
0.807	0.12303976602350976
0.808	0.12335143198072636
0.809	0.12366331028512698
0.81	0.12397540048337519
0.811	0.12428770212348987
0.812	0.1246002147548404
0.8130000000000001	0.12491293792814102
0.8140000000000001	0.1252258711954468
0.8150000000000001	0.12553901411014853
0.8160000000000001	0.12585236622696785
0.8170000000000001	0.12616592710195226
0.8180000000000001	0.1264796962924708
0.8190000000000001	0.12679367335720887
0.8200000000000001	0.1271078578561639
0.8210000000000001	0.12742224935063995
0.8220000000000001	0.12773684740324384
0.8230000000000001	0.12805165157787998
0.8240000000000001	0.12836666143974554
0.8250000000000001	0.12868187655532629
0.8260000000000001	0.12899729649239147
0.8270000000000001	0.12931292081998969
0.8280000000000001	0.12962874910844388
0.8290000000000001	0.12994478092934678
0.8300000000000001	0.1302610158555564
0.8310000000000001	0.13057745346119198
0.8320000000000001	0.13089409332162855
0.8330000000000001	0.13121093501349304
0.8340000000000001	0.13152797811465977
0.8350000000000001	0.13184522220424558
0.8360000000000001	0.1321626668626057
0.8370000000000001	0.13248031167132937
0.8380000000000001	0.13279815621323499
0.8390000000000001	0.13311620007236633
0.8400000000000001	0.13343444283398748
0.8410000000000001	0.13375288408457892
0.8420000000000001	0.13407152341183293
0.843	0.1343903604046496
0.844	0.13470939465313203
0.845	0.13502862574858224
0.846	0.13534805328349706
0.847	0.13566767685156328
0.848	0.1359874960476542
0.849	0.136307510467825
0.85	0.13662771970930807
0.851	0.13694812337050954
0.852	0.13726872105100466
0.853	0.13758951235153388
0.854	0.13791049687399828
0.855	0.13823167422145594
0.856	0.1385530439981173
0.857	0.13887460580934155
0.858	0.1391963592616322
0.859	0.13951830396263315
0.86	0.13984043952112438
0.861	0.1401627655470182
0.862	0.1404852816513552
0.863	0.1408079874463
0.864	0.1411308825451375
0.865	0.14145396656226872
0.866	0.1417772391132069
0.867	0.1421006998145734
0.868	0.14242434828409434
0.869	0.14274818414059576
0.87	0.14307220700400045
0.871	0.14339641649532373
0.872	0.1437208122366697
0.873	0.1440453938512272
0.874	0.1443701609632662
0.875	0.14469511319813383
0.876	0.14502025018225045
0.877	0.14534557154310634
0.878	0.1456710769092572
0.879	0.14599676591032063
0.88	0.14632263817697314
0.881	0.14664869334094507
0.882	0.14697493103501785
0.883	0.1473013508930199
0.884	0.14762795254982305
0.885	0.1479547356413388
0.886	0.14828169980451458
0.887	0.14860884467733046
0.888	0.14893616989879482
0.889	0.1492636751089415
0.89	0.14959135994882558
0.891	0.14991922406052013
0.892	0.1502472670871127
0.893	0.15057548867270115
0.894	0.1509038884623908
0.895	0.1512324661022907
0.896	0.1515612212395098
0.897	0.1518901535221537
0.898	0.1522192625993212
0.899	0.1525485481211006
0.9	0.1528780097385663
0.901	0.15320764710377563
0.902	0.1535374598697649
0.903	0.1538674476905462
0.904	0.15419761022110434
0.905	0.15452794711739265
0.906	0.1548584580363306
0.907	0.15518914263579942
0.908	0.1555200005746393
0.909	0.15585103151264604
0.91	0.15618223511056756
0.911	0.1565136110301006
0.912	0.1568451589338876
0.913	0.15717687848551282
0.914	0.1575087693494999
0.915	0.15784083119130798
0.916	0.15817306367732856
0.917	0.15850546647488242
0.918	0.15883803925221615
0.919	0.15917078167849924
0.92	0.15950369342382045
0.921	0.15983677415918524
0.922	0.1601700235565118
0.923	0.16050344128862837
0.924	0.16083702702926986
0.925	0.16117078045307556
0.926	0.16150470123558427
0.927	0.16183878905323298
0.928	0.1621730435833525
0.929	0.16250746450416512
0.93	0.16284205149478118
0.931	0.1631768042351957
0.932	0.1635117224062864
0.933	0.16384680568980942
0.934	0.16418205376839692
0.935	0.16451746632555395
0.936	0.16485304304565548
0.937	0.16518878361394332
0.9380000000000001	0.16552468771652293
0.9390000000000001	0.16586075504036124
0.9400000000000001	0.1661969852732825
0.9410000000000001	0.16653337810396648
0.9420000000000001	0.16686993322194454
0.9430000000000001	0.16720665031759738
0.9440000000000001	0.16754352908215203
0.9450000000000001	0.16788056920767855
0.9460000000000001	0.16821777038708774
0.9470000000000001	0.1685551323141273
0.9480000000000001	0.1688926546833802
0.9490000000000001	0.16923033719026115
0.9500000000000001	0.16956817953101352
0.9510000000000001	0.16990618140270658
0.9520000000000001	0.1702443425032336
0.9530000000000001	0.17058266253130755
0.9540000000000001	0.17092114118645946
0.9550000000000001	0.17125977816903531
0.9560000000000001	0.17159857318019273
0.9570000000000001	0.1719375259218991
0.9580000000000001	0.1722766360969278
0.9590000000000001	0.172615903408857
0.9600000000000001	0.17295532756206455
0.9610000000000001	0.1732949082617275
0.9620000000000001	0.1736346452138188
0.9630000000000001	0.17397453812510327
0.9640000000000001	0.17431458670313663
0.9650000000000001	0.17465479065626213
0.9660000000000001	0.17499514969360777
0.9670000000000001	0.17533566352508323
0.9680000000000001	0.17567633186137865
0.9690000000000001	0.17601715441396032
0.97	0.17635813089506894
0.971	0.17669926101771705
0.972	0.17704054449568582
0.973	0.17738198104352332
0.974	0.17772357037654085
0.975	0.17806531221081143
0.976	0.17840720626316672
0.977	0.17874925225119376
0.978	0.17909144989323417
0.979	0.1794337989083797
0.98	0.17977629901647135
0.981	0.18011894993809535
0.982	0.1804617513945817
0.983	0.1808047031080015
0.984	0.18114780480116385
0.985	0.18149105619761438
0.986	0.18183445702163142
0.987	0.1821780069982251
0.988	0.18252170585313374
0.989	0.18286555331282175
0.99	0.18320954910447732
0.991	0.1835536929560098
0.992	0.18389798459604753
0.993	0.18424242375393526
0.994	0.1845870101597316
0.995	0.18493174354420724
0.996	0.18527662363884137
0.997	0.18562165017582097
0.998	0.1859668228880372
0.999	0.1863121415090827
1.	0.1866576057732516
1.001	0.18700321541553394
1.002	0.18734897017161575
1.003	0.18769486977787597
1.004	0.18804091397138364
1.005	0.1883871024898965
1.006	0.18873343507185822
1.007	0.18907991145639602
1.008	0.18942653138331872
1.009	0.18977329459311423
1.01	0.19012020082694733
1.0110000000000001	0.19046724982665778
1.012	0.19081444133475725
1.0130000000000001	0.19116177509442844
1.014	0.19150925084952125
1.0150000000000001	0.191856868344552
1.016	0.1922046273247
1.0170000000000001	0.19255252753580646
1.018	0.19290056872437158
1.0190000000000001	0.19324875063755276
1.02	0.1935970730231622
1.0210000000000001	0.1939455356296648
1.022	0.1942941382061761
1.0230000000000001	0.19464288050245984
1.024	0.1949917622689265
1.0250000000000001	0.19534078325663048
1.026	0.1956899432172679
1.0270000000000001	0.1960392419031756
1.028	0.19638867906732765
1.0290000000000001	0.19673825446333387
1.03	0.19708796784543842
1.0310000000000001	0.19743781896851612
1.032	0.19778780758807213
1.0330000000000001	0.19813793346023834
1.034	0.19848819634177284
1.035	0.19883859599005657
1.036	0.19918913216309175
1.037	0.19953980461950038
1.038	0.19989061311852113
1.039	0.20024155742000865
1.04	0.20059263728443014
1.041	0.2009438524728644
1.042	0.20129520274699977
1.043	0.20164668786913156
1.044	0.20199830760216
1.045	0.20235006170958988
1.046	0.20270194995552618
1.047	0.2030539721046736
1.048	0.20340612792233498
1.049	0.2037584171744081
1.05	0.20411083962738422
1.051	0.204463395048347
1.052	0.20481608320496936
1.053	0.20516890386551231
1.054	0.20552185679882268
1.055	0.2058749417743316
1.056	0.20622815856205223
1.057	0.206581506932578
1.058	0.20693498665708118
1.059	0.20728859750731018
1.06	0.20764233925558864
1.061	0.2079962116748124
1.062	0.20835021453844874
1.063	0.20870434762053416
1.064	0.2090586106956726
1.065	0.2094130035390333
1.066	0.20976752592634945
1.067	0.2101221776339162
1.068	0.21047695843858855
1.069	0.2108318681177799
1.07	0.21118690644946034
1.071	0.2115420732121548
1.072	0.211897368184941
1.073	0.21225279114744772
1.074	0.21260834187985392
1.075	0.21296402016288518
1.076	0.21331982577781414
1.077	0.2136757585064565
1.078	0.21403181813117167
1.079	0.21438800443485895
1.08	0.2147443172009571
1.081	0.2151007562134415
1.082	0.2154573212568244
1.083	0.2158140121161505
1.084	0.21617082857699788
1.085	0.2165277704254747
1.086	0.2168848374482178
1.087	0.21724202943239115
1.088	0.21759934616568488
1.089	0.21795678743631205
1.09	0.21831435303300825
1.091	0.21867204274502977
1.092	0.2190298563621518
1.093	0.2193877936746663
1.094	0.21974585447338144
1.095	0.2201040385496186
1.096	0.22046234569521253
1.097	0.22082077570250763
1.098	0.2211793283643583
1.099	0.22153800347412594
1.1	0.2218968008256782
1.101	0.22225572021338694
1.102	0.2226147614321266
1.103	0.22297392427727314
1.104	0.22333320854470173
1.105	0.22369261403078622
1.106	0.22405214053239617
1.107	0.22441178784689658
1.108	0.22477155577214555
1.109	0.22513144410649327
1.11	0.22549145264878007
1.111	0.2258515811983349
1.112	0.22621182955497415
1.113	0.2265721975189999
1.114	0.2269326848911984
1.115	0.22729329147283864
1.116	0.22765401706567062
1.117	0.22801486147192415
1.118	0.22837582449430727
1.119	0.22873690593600468
1.12	0.22909810560067648
1.121	0.22945942329245608
1.122	0.22982085881594974
1.123	0.23018241197623396
1.124	0.230544082578855
1.125	0.23090587042982683
1.1260000000000001	0.23126777533563023
1.127	0.23162979710321044
1.1280000000000001	0.2319919355399765
1.129	0.23235419045379974
1.1300000000000001	0.23271656165301216
1.131	0.2330790489464046
1.1320000000000001	0.23344165214322662
1.133	0.23380437105318352
1.1340000000000001	0.23416720548643588
1.135	0.234530155253598
1.1360000000000001	0.23489322016573616
1.137	0.23525640003436826
1.1380000000000001	0.2356196946714607
1.139	0.23598310388942853
1.1400000000000001	0.23634662750113344
1.141	0.2367102653198823
1.1420000000000001	0.2370740171594264
1.143	0.2374378828339589
1.1440000000000001	0.23780186215811522
1.145	0.23816595494696993
1.1460000000000001	0.23853016101603658
1.147	0.23889448018126527
1.1480000000000001	0.23925891225904306
1.149	0.23962345706619076
1.1500000000000001	0.23998811441996296
1.151	0.24035288413804543
1.1520000000000001	0.24071776603855538
1.153	0.24108275994003878
1.1540000000000001	0.24144786566146983
1.155	0.24181308302224905
1.1560000000000001	0.242178411842203
1.157	0.2425438519415816
1.1580000000000001	0.24290940314105816
1.159	0.2432750652617272
1.1600000000000001	0.24364083812510343
1.161	0.24400672155312084
1.1620000000000001	0.24437271536813063
1.163	0.24473881939290085
1.164	0.2451050334506147
1.165	0.24547135736486897
1.166	0.24583779095967362
1.167	0.24620433405944944
1.168	0.24657098648902798
1.169	0.2469377480736493
1.17	0.2473046186389614
1.171	0.2476715980110185
1.172	0.24803868601628043
1.173	0.24840588248161088
1.174	0.24877318723427638
1.175	0.24914060010194503
1.176	0.24950812091268534
1.177	0.24987574949496488
1.178	0.25024348567764965
1.179	0.2506113292900022
1.18	0.25097928016168053
1.181	0.25134733812273746
1.182	0.2517155030036186
1.183	0.25208377463516213
1.184	0.2524521528485968
1.185	0.2528206374755412
1.186	0.25318922834800234
1.187	0.2535579252983752
1.188	0.2539267281594404
1.189	0.2542956367643641
1.19	0.25466465094669566
1.191	0.25503377054036863
1.192	0.25540299537969696
1.193	0.2557723252993759
1.194	0.25614176013447965
1.195	0.2565112997204609
1.196	0.25688094389314964
1.197	0.2572506924887518
1.198	0.25762054534384804
1.199	0.25799050229539333
1.2	0.2583605631807148
1.201	0.258730727837512
1.202	0.2591009961038536
1.203	0.2594713678181792
1.204	0.2598418428192958
1.205	0.26021242094637786
1.206	0.2605831020389667
1.207	0.2609538859369674
1.208	0.26132477248064995
1.209	0.2616957615106473
1.21	0.2620668528679538
1.211	0.2624380463939247
1.212	0.26280934193027555
1.213	0.2631807393190799
1.214	0.26355223840276926
1.215	0.26392383902413175
1.216	0.26429554102631064
1.217	0.26466734425280464
1.218	0.26503924854746463
1.219	0.26541125375449487
1.22	0.26578335971845074
1.221	0.2661555662842378
1.222	0.2665278732971114
1.223	0.26690028060267484
1.224	0.2672727880468786
1.225	0.2676453954760201
1.226	0.26801810273674115
1.227	0.2683909096760288
1.228	0.2687638161412126
1.229	0.2691368219799649
1.23	0.26950992704029875
1.231	0.26988313117056834
1.232	0.2702564342194663
1.233	0.2706298360360243
1.234	0.271003336469611
1.235	0.27137693536993107
1.236	0.27175063258702536
1.237	0.2721244279712687
1.238	0.2724983213733692
1.239	0.27287231264436806
1.24	0.2732464016356372
1.241	0.2736205881988797
1.242	0.2739948721861281
1.243	0.2743692534497438
1.244	0.27474373184241524
1.245	0.27511830721715846
1.246	0.27549297942731477
1.247	0.2758677483265508
1.248	0.2762426137688569
1.249	0.27661757560854644
1.25	0.27699263370025473
1.2510000000000001	0.2773677878989388
1.252	0.27774303805987544
1.2530000000000001	0.278118384038661
1.254	0.2784938256912103
1.2550000000000001	0.27886936287375547
1.256	0.2792449954428453
1.2570000000000001	0.2796207232553444
1.258	0.27999654616843217
1.2590000000000001	0.2803724640396017
1.26	0.2807484767266596
1.2610000000000001	0.28112458408772373
1.262	0.2815007859812241
1.2630000000000001	0.28187708226590047
1.264	0.282253472800802
1.2650000000000001	0.28262995744528707
1.266	0.283006536059021
1.2670000000000001	0.28338320850197646
1.268	0.2837599746344315
1.2690000000000001	0.28413683431696996
1.27	0.2845137874104791
1.2710000000000001	0.28489083377615043
1.272	0.28526797327547737
1.2730000000000001	0.2856452057702551
1.274	0.2860225311225792
1.2750000000000001	0.286399949194846
1.276	0.2867774598497501
1.2770000000000001	0.28715506295028514
1.278	0.2875327583597413
1.2790000000000001	0.2879105459417058
1.28	0.2882884255600615
1.2810000000000001	0.2886663970789863
1.282	0.2890444603629519
1.2830000000000001	0.2894226152767234
1.284	0.2898008616853583
1.2850000000000001	0.29017919945420534
1.286	0.2905576284489044
1.2870000000000001	0.2909361485353849
1.288	0.29131475957986663
1.2890000000000001	0.29169346144885605
1.29	0.2920722540091477
1.291	0.2924511371278234
1.292	0.29283011067225034
1.293	0.2932091745100806
1.294	0.29358832850925165
1.295	0.2939675725379828
1.296	0.29434690646477746
1.297	0.2947263301584205
1.298	0.2951058434879778
1.299	0.2954854463227957
1.3	0.29586513853250024
1.301	0.2962449199869962
1.302	0.29662479055646657
1.303	0.2970047501113708
1.304	0.297384798522446
1.305	0.29776493566070406
1.306	0.29814516139743225
1.307	0.2985254756041918
1.308	0.2989058781528175
1.309	0.29928636891541716
1.31	0.29966694776436975
1.311	0.3000476145723261
1.312	0.3004283692122066
1.313	0.30080921155720236
1.314	0.30119014148077305
1.315	0.3015711588566454
1.316	0.30195226355881566
1.317	0.3023334554615447
1.318	0.302714734439361
1.319	0.30309610036705714
1.32	0.30347755311969066
1.321	0.303859092572583
1.322	0.3042407186013185
1.323	0.3046224310817432
1.324	0.30500422988996634
1.325	0.3053861149023561
1.326	0.3057680859955422
1.327	0.3061501430464136
1.328	0.3065322859321174
1.329	0.30691451453005886
1.33	0.3072968287179015
1.331	0.3076792283735643
1.332	0.3080617133752229
1.333	0.3084442836013079
1.334	0.3088269389305044
1.335	0.309209679241751
1.336	0.3095925044142406
1.337	0.30997541432741704
1.338	0.31035840886097704
1.339	0.3107414878948679
1.34	0.31112465130928746
1.341	0.31150789898468306
1.342	0.3118912308017514
1.343	0.31227464664143756
1.344	0.3126581463849339
1.345	0.31304172991367984
1.346	0.3134253971093619
1.347	0.31380914785391106
1.348	0.31419298202950446
1.349	0.3145768995185628
1.35	0.31496090020375084
1.351	0.3153449839679763
1.352	0.3157291506943892
1.353	0.31611340026638124
1.354	0.31649773256758545
1.355	0.31688214748187515
1.356	0.3172666448933631
1.357	0.3176512246864016
1.358	0.3180358867455813
1.359	0.31842063095573053
1.36	0.3188054572019154
1.361	0.31919036536943746
1.362	0.31957535534383547
1.363	0.31996042701088234
1.364	0.32034558025658655
1.365	0.3207308149671902
1.366	0.3211161310291683
1.367	0.3215015283292302
1.368	0.3218870067543155
1.369	0.32227256619159644
1.37	0.32265820652847577
1.371	0.323043927652587
1.372	0.3234297294517935
1.373	0.32381561181418606
1.374	0.3242015746280857
1.375	0.324587617782041
1.3760000000000001	0.32497374116482736
1.377	0.3253599446654464
1.3780000000000001	0.3257462281731268
1.379	0.3261325915773225
1.3800000000000001	0.3265190347677115
1.381	0.3269055576341963
1.3820000000000001	0.3272921600669038
1.383	0.3276788419561833
1.3840000000000001	0.3280656031926069
1.385	0.328452443666968
1.3860000000000001	0.3288393632702814
1.387	0.3292263618937834
1.3880000000000001	0.3296134394289296
1.389	0.3300005957673951
1.3900000000000001	0.33038783080107503
1.391	0.3307751444220815
1.3920000000000001	0.33116253652274497
1.393	0.3315500069956132
1.3940000000000001	0.33193755573345096
1.395	0.3323251826292382
1.3960000000000001	0.3327128875761713
1.397	0.3331006704676607
1.3980000000000001	0.3334885311973324
1.399	0.333876469659025
1.4000000000000001	0.3342644857467912
1.401	0.33465257935489556
1.4020000000000001	0.33504075037781594
1.403	0.33542899871024057
1.4040000000000001	0.3358173242470696
1.405	0.33620572688341305
1.4060000000000001	0.3365942065145914
1.407	0.3369827630361343
1.4080000000000001	0.33737139634378
1.409	0.33776010633347536
1.4100000000000001	0.3381488929013746
1.411	0.3385377559438391
1.4120000000000001	0.33892669535743786
1.413	0.33931571103894453
1.4140000000000001	0.33970480288534
1.415	0.34009397079380826
1.4160000000000001	0.34048321466173953
1.417	0.340872534386727
1.418	0.34126192986656784
1.419	0.3416514009992619
1.42	0.3420409476830114
1.421	0.342430569816221
1.422	0.3428202672974953
1.423	0.3432100400256411
1.424	0.34359988789966506
1.425	0.34398981081877344
1.426	0.34437980868237206
1.427	0.34476988139006537
1.428	0.34516002884165564
1.429	0.34555025093714337
1.43	0.3459405475767268
1.431	0.3463309186607999
1.432	0.34672136408995285
1.433	0.3471118837649723
1.434	0.3475024775868396
1.435	0.34789314545673056
1.436	0.3482838872760157
1.437	0.34867470294625924
1.438	0.3490655923692173
1.439	0.3494565554468414
1.44	0.3498475920812723
1.441	0.3502387021748442
1.442	0.3506298856300822
1.443	0.35102114234970183
1.444	0.35141247223660904
1.445	0.3518038751939003
1.446	0.3521953511248589
1.447	0.35258689993296044
1.448	0.3529785215218655
1.449	0.3533702157954252
1.45	0.3537619826576762
1.451	0.35415382201284246
1.452	0.3545457337653342
1.453	0.35493771781974887
1.454	0.35532977408086736
1.455	0.3557219024536566
1.456	0.3561141028432675
1.457	0.3565063751550371
1.458	0.3568987192944823
1.459	0.3572911351673061
1.46	0.3576836226793925
1.461	0.3580761817368089
1.462	0.3584688122458032
1.463	0.35886151411280537
1.464	0.3592542872444265
1.465	0.3596471315474567
1.466	0.3600400469288667
1.467	0.36043303329580656
1.468	0.36082609055560594
1.469	0.3612192186157722
1.47	0.3616124173839908
1.471	0.36200568676812517
1.472	0.3623990266762156
1.473	0.3627924370164795
1.474	0.3631859176973103
1.475	0.3635794686272773
1.476	0.363973089715125
1.477	0.36436678086977314
1.478	0.36476054200031566
1.479	0.36515437301602155
1.48	0.3655482738263314
1.481	0.36594224434086137
1.482	0.3663362844693984
1.483	0.36673039412190317
1.484	0.3671245732085078
1.485	0.3675188216395159
1.486	0.36791313932540143
1.487	0.36830752617680984
1.488	0.36870198210455696
1.489	0.3690965070196271
1.49	0.36949110083317527
1.491	0.36988576345652513
1.492	0.370280494801168
1.493	0.37067529477876426
1.494	0.3710701633011417
1.495	0.3714651002802947
1.496	0.37186010562838534
1.497	0.3722551792577417
1.498	0.37265032108085766
1.499	0.3730455310103934
1.5	0.37344080895917364
1.5010000000000001	0.3738361548401881
1.502	0.3742315685665906
1.5030000000000001	0.3746270500516995
1.504	0.3750225992089959
1.5050000000000001	0.375418215952125
1.506	0.3758139001948937
1.5070000000000001	0.37620965185127236
1.508	0.37660547083539253
1.5090000000000001	0.3770013570615471
1.51	0.3773973104441903
1.5110000000000001	0.37779333089793815
1.512	0.37818941833756525
1.5130000000000001	0.37858557267800785
1.514	0.3789817938343602
1.5150000000000001	0.37937808172187704
1.516	0.379774436255971
1.5170000000000001	0.3801708573522131
1.518	0.38056734492633304
1.5190000000000001	0.3809638988942183
1.52	0.3813605191719115
1.5210000000000001	0.381757205675615
1.522	0.3821539583216858
1.5230000000000001	0.38255077702663737
1.524	0.3829476617071392
1.5250000000000001	0.3833446122800147
1.526	0.3837416286622446
1.5270000000000001	0.38413871077096245
1.528	0.3845358585234564
1.5290000000000001	0.38493307183716824
1.53	0.3853303506296933
1.5310000000000001	0.38572769481878033
1.532	0.38612510432232994
1.5330000000000001	0.3865225790583956
1.534	0.3869201189451831
1.5350000000000001	0.38731772390104874
1.536	0.38771539384450115
1.5370000000000001	0.38811312869419873
1.538	0.38851092836895124
1.5390000000000001	0.38890879278771767
1.54	0.38930672186960763
1.5410000000000001	0.3897047155338791
1.542	0.3901027736999402
1.5430000000000001	0.3905008962873471
1.544	0.39089908321580397
1.5450000000000002	0.39129733440516357
1.546	0.391695649775425
1.547	0.3920940292467367
1.548	0.39249247273939175
1.549	0.3928909801738314
1.55	0.39328955147064215
1.551	0.3936881865505563
1.552	0.3940868853344515
1.553	0.3944856477433512
1.554	0.39488447369842317
1.555	0.39528336312097984
1.556	0.39568231593247677
1.557	0.39608133205451407
1.558	0.3964804114088357
1.559	0.3968795539173273
1.56	0.3972787595020179
1.561	0.3976780280850791
1.562	0.39807735958882356
1.563	0.39847675393570753
1.564	0.3988762110483261
1.565	0.3992757308494164
1.566	0.3996753132618572
1.567	0.4000749582086659
1.568	0.4004746656130013
1.569	0.40087443539815987
1.57	0.4012742674875804
1.571	0.4016741618048378
1.572	0.402074118273647
1.573	0.402474136817861
1.574	0.4028742173614705
1.575	0.4032743598286045
1.576	0.40367456414352876
1.577	0.40407483023064555
1.578	0.4044751580144956
1.579	0.4048755474197531
1.58	0.4052759983712315
1.581	0.4056765107938781
1.582	0.4060770846127756
1.583	0.406477719753142
1.584	0.40687841614033005
1.585	0.4072791736998272
1.586	0.40767999235725394
1.587	0.408080872038367
1.588	0.4084818126690533
1.589	0.40888281417533573
1.59	0.4092838764833675
1.591	0.40968499951943643
1.592	0.4100861832099615
1.593	0.41048742748149436
1.594	0.41088873226071754
1.595	0.4112900974744441
1.596	0.4116915230496207
1.597	0.4120930089133214
1.598	0.41249455499275356
1.599	0.4128961612152519
1.6	0.41329782750828303
1.601	0.4136995537994422
1.602	0.414101340016453
1.603	0.41450318608716963
1.604	0.4149050919395727
1.605	0.4153070575017736
1.606	0.41570908270200907
1.607	0.41611116746864446
1.608	0.41651331173017353
1.609	0.4169155154152156
1.61	0.41731777845251716
1.611	0.4177201007709516
1.612	0.4181224822995183
1.613	0.41852492296734156
1.614	0.41892742270367284
1.615	0.4193299814378874
1.616	0.4197325990994867
1.617	0.4201352756180955
1.618	0.4205380109234641
1.619	0.42094080494546665
1.62	0.42134365761410114
1.621	0.42174656885948897
1.622	0.42214953861187426
1.623	0.4225525668016252
1.624	0.4229556533592318
1.625	0.42335879821530675
1.6260000000000001	0.42376200130058506
1.627	0.42416526254592274
1.6280000000000001	0.42456858188229846
1.629	0.4249719592408116
1.6300000000000001	0.4253753945526825
1.631	0.4257788877492522
1.6320000000000001	0.42618243876198225
1.633	0.4265860475224541
1.6340000000000001	0.4269897139623694
1.635	0.4273934380135499
1.6360000000000001	0.4277972196079351
1.637	0.4282010586775853
1.6380000000000001	0.4286049551546778
1.639	0.42900890897150984
1.6400000000000001	0.4294129200604964
1.641	0.42981698835417104
1.6420000000000001	0.4302211137851837
1.643	0.4306252962863023
1.6440000000000001	0.43102953579041264
1.645	0.43143383223051585
1.6460000000000001	0.4318381855397316
1.647	0.4322425956512941
1.6480000000000001	0.4326470624985551
1.649	0.4330515860149806
1.6500000000000001	0.433456166134154
1.651	0.4338608027897723
1.6520000000000001	0.43426549591564867
1.653	0.4346702454457102
1.6540000000000001	0.4350750513139996
1.655	0.43547991345467224
1.6560000000000001	0.43588483180199855
1.657	0.43628980629036246
1.6580000000000001	0.43669483685426175
1.659	0.43709992342830617
1.6600000000000001	0.43750506594721994
1.661	0.4379102643458382
1.6620000000000001	0.43831551855911133
1.663	0.43872082852209804
1.6640000000000001	0.43912619416997206
1.665	0.4395316154380184
1.6660000000000001	0.4399370922616313
1.667	0.4403426245763191
1.6680000000000001	0.44074821231769856
1.669	0.4411538554214983
1.6700000000000002	0.44155955382355744
1.671	0.4419653074598257
1.6720000000000002	0.44237111626636094
1.673	0.4427769801793324
1.6740000000000002	0.4431828991350176
1.675	0.4435888730698039
1.676	0.44399490192018737
1.677	0.44440098562277325
1.678	0.4448071241142741
1.679	0.44521331733151204
1.68	0.4456195652114151
1.681	0.44602586769102176
1.682	0.4464322247074752
1.683	0.4468386361980282
1.684	0.4472451021000391
1.685	0.4476516223509732
1.686	0.44805819688840226
1.687	0.44846482565000406
1.688	0.4488715085735638
1.689	0.44927824559697094
1.69	0.4496850366582199
1.691	0.4500918816954138
1.692	0.4504987806467571
1.693	0.4509057334505598
1.694	0.4513127400452387
1.695	0.4517198003693123
1.696	0.4521269143614054
1.697	0.4525340819602455
1.698	0.4529413031046635
1.699	0.4533485777335944
1.7	0.4537559057860767
1.701	0.4541632872012512
1.702	0.4545707219183613
1.703	0.45497820987675375
1.704	0.4553857510158771
1.705	0.4557933452752827
1.706	0.4562009925946219
1.707	0.4566086929136489
1.708	0.4570164461722207
1.709	0.4574242523102929
1.71	0.45783211126792284
1.711	0.45824002298526983
1.712	0.45864798740259205
1.713	0.45905600446024897
1.714	0.4594640740987005
1.715	0.4598721962585044
1.716	0.4602803708803198
1.717	0.4606885979049051
1.718	0.46109687727311677
1.719	0.46150520892591235
1.72	0.4619135928043455
1.721	0.46232202884956997
1.722	0.46273051700283774
1.723	0.463139057205499
1.724	0.4635476493990006
1.725	0.4639562935248883
1.726	0.46436498952480526
1.727	0.46477373734049127
1.728	0.46518253691378286
1.729	0.465591388186614
1.73	0.46600029110101576
1.731	0.466409245599115
1.732	0.4668182516231345
1.733	0.46722730911539256
1.734	0.46763641801830447
1.735	0.4680455782743805
1.736	0.4684547898262257
1.737	0.4688640526165416
1.738	0.4692733665881227
1.739	0.4696827316838601
1.74	0.4700921478467388
1.741	0.4705016150198369
1.742	0.4709111331463286
1.743	0.4713207021694804
1.744	0.47173032203265325
1.745	0.47213999267930123
1.746	0.472549714052972
1.747	0.4729594860973057
1.748	0.473369308756036
1.749	0.473779181972989
1.75	0.4741891056920836
1.7510000000000001	0.4745990798573304
1.752	0.4750091044128316
1.7530000000000001	0.47541917930278316
1.754	0.47582930447147076
1.7550000000000001	0.4762394798632718
1.756	0.47664970542265656
1.7570000000000001	0.4770599810941846
1.758	0.4774703068225071
1.7590000000000001	0.4778806825523661
1.76	0.4782911082285933
1.7610000000000001	0.4787015837961117
1.762	0.47911210919993436
1.7630000000000001	0.4795226843851624
1.764	0.479933309296989
1.7650000000000001	0.4803439838806962
1.766	0.48075470808165455
1.7670000000000001	0.4811654818453244
1.768	0.4815763051172554
1.7690000000000001	0.4819871778430846
1.77	0.4823980999685386
1.7710000000000001	0.48280907143943264
1.772	0.48322009220166945
1.7730000000000001	0.48363116220124025
1.774	0.48404228138422367
1.7750000000000001	0.4844534496967856
1.776	0.48486466708518056
1.7770000000000001	0.48527593349574916
1.778	0.4856872488749194
1.7790000000000001	0.48609861316920605
1.78	0.48651002632521145
1.7810000000000001	0.4869214882896233
1.782	0.48733299900921634
1.7830000000000001	0.48774455843085057
1.784	0.4881561665014725
1.7850000000000001	0.4885678231681144
1.786	0.4889795283778946
1.7870000000000001	0.4893912820780158
1.788	0.4898030842157663
1.7890000000000001	0.49021493473852
1.79	0.49062683359373443
1.7910000000000001	0.49103878072895357
1.792	0.4914507760918042
1.7930000000000001	0.4918628196299977
1.794	0.49227491129133044
1.7950000000000002	0.49268705102368265
1.796	0.4930992387750169
1.7970000000000002	0.493511474493381
1.798	0.49392375812690537
1.7990000000000002	0.4943360896238042
1.8	0.49474846893237345
1.8010000000000002	0.495160896000994
1.802	0.49557337077812763
1.803	0.4959858932123197
1.804	0.4963984632521979
1.805	0.4968110808464713
1.806	0.49722374594393143
1.807	0.49763645849345245
1.808	0.49804921844398864
1.809	0.49846202574457726
1.81	0.49887488034433547
1.811	0.49928778219246334
1.812	0.4997007312382407
1.813	0.5001137274310286
1.814	0.500526770720268
1.815	0.5009398610554814
1.816	0.5013529983862713
1.817	0.5017661826623194
1.818	0.5021794138333895
1.819	0.5025926918493225
1.82	0.503006016660041
1.821	0.5034193882155465
1.822	0.5038328064659193
1.823	0.5042462713613192
1.824	0.5046597828519854
1.825	0.5050733408882352
1.826	0.5054869454204647
1.827	0.505900596399149
1.828	0.5063142937748407
1.829	0.5067280374981719
1.83	0.5071418275198504
1.831	0.5075556637906643
1.832	0.507969546261478
1.833	0.5083834748832333
1.834	0.5087974496069501
1.835	0.5092114703837248
1.836	0.5096255371647314
1.837	0.5100396499012203
1.838	0.5104538085445189
1.839	0.5108680130460306
1.84	0.5112822633572367
1.841	0.5116965594296924
1.842	0.5121109012150303
1.843	0.5125252886649598
1.844	0.5129397217312643
1.845	0.5133542003658034
1.846	0.5137687245205128
1.847	0.5141832941474024
1.848	0.5145979091985586
1.849	0.5150125696261412
1.85	0.5154272753823859
1.851	0.5158420264196021
1.852	0.5162568226901757
1.853	0.5166716641465644
1.854	0.5170865507413023
1.855	0.5175014824269956
1.856	0.5179164591563258
1.857	0.5183314808820478
1.858	0.5187465475569897
1.859	0.5191616591340538
1.86	0.5195768155662154
1.861	0.5199920168065217
1.862	0.5204072628080947
1.863	0.5208225535241281
1.864	0.5212378889078899
1.865	0.5216532689127179
1.866	0.5220686934920248
1.867	0.5224841625992941
1.868	0.5228996761880821
1.869	0.5233152342120166
1.87	0.523730836624798
1.871	0.524146483380197
1.872	0.5245621744320572
1.873	0.5249779097342924
1.874	0.5253936892408889
1.875	0.5258095129059032
1.8760000000000001	0.5262253806834618
1.877	0.5266412925277649
1.8780000000000001	0.5270572483930799
1.879	0.5274732482337474
1.8800000000000001	0.5278892920041767
1.881	0.5283053796588477
1.8820000000000001	0.5287215111523115
1.883	0.5291376864391868
1.8840000000000001	0.5295539054741644
1.885	0.5299701682120035
1.8860000000000001	0.5303864746075332
1.887	0.5308028246156514
1.8880000000000001	0.5312192181913264
1.889	0.531635655289594
1.8900000000000001	0.5320521358655608
1.891	0.5324686598744002
1.8920000000000001	0.5328852272713558
1.893	0.5333018380117389
1.8940000000000001	0.5337184920509299
1.895	0.5341351893443764
1.8960000000000001	0.5345519298475951
1.897	0.5349687135161696
1.8980000000000001	0.535385540305753
1.899	0.5358024101720644
1.9000000000000001	0.5362193230708917
1.901	0.5366362789580886
1.9020000000000001	0.5370532777895783
1.903	0.5374703195213496
1.9040000000000001	0.537887404109459
1.905	0.5383045315100289
1.9060000000000001	0.5387217016792497
1.907	0.5391389145733777
1.9080000000000001	0.5395561701487365
1.909	0.539973468361714
1.9100000000000001	0.540390809168767
1.911	0.5408081925264162
1.9120000000000001	0.5412256183912503
1.913	0.5416430867199209
1.9140000000000001	0.5420605974691484
1.915	0.542478150595718
1.9160000000000001	0.542895746056478
1.917	0.5433133838083439
1.9180000000000001	0.5437310638082979
1.919	0.544148786013384
1.9200000000000002	0.5445665503807132
1.921	0.5449843568674598
1.9220000000000002	0.5454022054308647
1.923	0.5458200960282318
1.9240000000000002	0.5462380286169298
1.925	0.5466560031543919
1.9260000000000002	0.5470740195981151
1.927	0.5474920779056596
1.9280000000000002	0.5479101780346519
1.929	0.5483283199427795
1.93	0.5487465035877958
1.931	0.549164728927516
1.932	0.5495829959198193
1.933	0.5500013045226483
1.934	0.5504196546940087
1.935	0.5508380463919689
1.936	0.5512564795746596
1.937	0.5516749542002769
1.938	0.5520934702270756
1.939	0.5525120276133761
1.94	0.5529306263175593
1.941	0.55334926629807
1.942	0.5537679475134136
1.943	0.554186669922158
1.944	0.5546054334829339
1.945	0.5550242381544327
1.946	0.5554430838954071
1.947	0.5558619706646721
1.948	0.5562808984211045
1.949	0.5566998671236413
1.95	0.5571188767312814
1.951	0.557537927203084
1.952	0.5579570184981704
1.953	0.5583761505757217
1.954	0.5587953233949797
1.955	0.5592145369152473
1.956	0.5596337910958868
1.957	0.5600530858963227
1.958	0.5604724212760385
1.959	0.5608917971945766
1.96	0.5613112136115415
1.961	0.5617306704865964
1.962	0.5621501677794651
1.963	0.5625697054499295
1.964	0.5629892834578325
1.965	0.5634089017630749
1.966	0.5638285603256183
1.967	0.5642482591054829
1.968	0.5646679980627478
1.969	0.5650877771575505
1.97	0.5655075963500882
1.971	0.5659274556006157
1.972	0.5663473548694482
1.973	0.5667672941169579
1.974	0.567187273303575
1.975	0.5676072923897894
1.976	0.5680273513361477
1.977	0.5684474501032555
1.978	0.5688675886517759
1.979	0.56928776694243
1.98	0.5697079849359957
1.981	0.5701282425933096
1.982	0.5705485398752652
1.983	0.5709688767428137
1.984	0.5713892531569625
1.985	0.5718096690787777
1.986	0.5722301244693808
1.987	0.5726506192899516
1.988	0.5730711535017257
1.989	0.5734917270659952
1.99	0.5739123399441097
1.991	0.574332992097475
1.992	0.5747536834875528
1.993	0.5751744140758611
1.994	0.5755951838239746
1.995	0.5760159926935233
1.996	0.5764368406461935
1.997	0.576857727643727
1.998	0.577278653647922
1.999	0.5776996186206316
2.	0.5781206225237644