0.01	-1.4896437099473726e-47
0.011	-1.5256828418802683e-43
0.012	-3.391703113671543e-40
0.013000000000000001	-2.326273821613756e-37
0.014	-6.328954529143219e-35
0.015	-8.21308494880312e-33
0.016	-5.838081152364037e-31
0.017	-2.526938398786964e-29
0.018000000000000002	-7.2319117390182515e-28
0.019000000000000003	-1.4605000816400268e-26
0.02	-2.1925835755836104e-25
0.020999999999999998	-2.5523145394484955e-24
0.022	-2.38467980586783e-23
0.023	-1.8400795426892427e-22
0.024	-1.2008429648322979e-21
0.025	-6.7618027636011704e-21
0.026000000000000002	-3.3413094966936193e-20
0.027000000000000003	-1.4699891382792448e-19
0.028000000000000004	-5.829451094470957e-19
0.028999999999999998	-2.1061602823116928e-18
0.03	-6.997188871759164e-18
0.031	-2.1548927083962113e-17
0.032	-6.195307495021165e-17
0.033	-1.6731323816419003e-16
0.034	-4.267830204919252e-16
0.035	-1.033241049858174e-15
0.036000000000000004	-2.3844533485378066e-15
0.037	-5.2655259511676294e-15
0.038	-1.1164985078436637e-14
0.039	-2.2802515497663567e-14
0.04	-4.4980727455933743e-14
0.041	-8.591768648573271e-14
0.042	-1.592724653430764e-13
0.043000000000000003	-2.8714343043412127e-13
0.044000000000000004	-5.043986398296483e-13
0.045000000000000005	-8.647893192200998e-13
0.046000000000000006	-1.4493999864548309e-12
0.047	-2.378100871501904e-12
0.048	-3.824787679988908e-12
0.049	-6.03731779320013e-12
0.05	-9.363177570273523e-12
0.051000000000000004	-1.428203909687525e-11
0.052000000000000005	-2.1446482920835597e-11
0.053000000000000005	-3.1732272423258176e-11
0.054	-4.6299662014263544e-11
0.055	-6.666730209670905e-11
0.056	-9.480036586599066e-11
0.057	-1.3321456413673564e-10
0.058	-1.850977326749235e-10
0.059000000000000004	-2.5445067071741723e-10
0.060000000000000005	-3.4624887883301834e-10
0.061000000000000006	-4.666267889706407e-10
0.062000000000000006	-6.230859999739399e-10
0.063	-8.247289290702957e-10
0.064	-1.082519165391058e-9
0.065	-1.4095696673817131e-9
0.066	-1.8214597842811124e-9
0.067	-2.336581905211876e-9
0.068	-2.9765183505350182e-9
0.069	-3.7664489217944295e-9
0.06999999999999999	-4.735589321663306e-9
0.071	-5.91766044663377e-9
0.072	-7.351388345509963e-9
0.073	-9.081034428694932e-9
0.074	-1.1156955309252691e-8
0.075	-1.3636191459030702e-8
0.076	-1.65830836737727e-8
0.077	-2.006991616192153e-8
0.078	-2.417758490424494e-8
0.079	-2.899628977679628e-8
0.08	-3.462624878907472e-8
0.081	-4.11784326633682e-8
0.082	-4.877531787068855e-8
0.08299999999999999	-5.7551656143781594e-8
0.08399999999999999	-6.765525840853107e-8
0.08499999999999999	-7.924779101161713e-8
0.086	-9.250558207429658e-8
0.087	-1.0762043576927553e-7
0.088	-1.2480045229930518e-7
0.089	-1.4427085135175812e-7
0.09	-1.6627479681228128e-7
0.091	-1.9107422054191322e-7
0.092	-2.1895064305491872e-7
0.093	-2.50205988978154e-7
0.094	-2.851633952261084e-7
0.095	-3.2416800988793596e-7
0.096	-3.675877798928314e-7
0.097	-4.158142255971233e-7
0.09799999999999999	-4.6926320051951164e-7
0.09899999999999999	-5.283756345390623e-7
0.09999999999999999	-5.936182589630255e-7
0.10099999999999999	-6.654843119675182e-7
0.102	-7.44494223012642e-7
0.103	-8.311962749341453e-7
0.104	-9.261672425154455e-7
0.105	-1.0300130064461236e-6
0.106	-1.143369141675267e-6
0.107	-1.2669014792696812e-6
0.108	-1.4013066409875764e-6
0.109	-1.5473125458773886e-6
0.11	-1.7056788883084084e-6
0.111	-1.8771975869347093e-6
0.112	-2.062693204185904e-6
0.113	-2.263023335967546e-6
0.114	-2.4790789713399556e-6
0.11499999999999999	-2.711784822026999e-6
0.11599999999999999	-2.9620996216855874e-6
0.11699999999999999	-3.231016394942014e-6
0.118	-3.5195626962734073e-6
0.119	-3.8288008188802475e-6
0.12	-4.159827973760243e-6
0.121	-4.513776439254172e-6
0.122	-4.891813681390636e-6
0.123	-5.295142445409299e-6
0.124	-5.7250008188911875e-6
0.125	-6.182662266969207e-6
0.126	-6.669435640134098e-6
0.127	-7.186665155188237e-6
0.128	-7.735730349934408e-6
0.129	-8.318046012217432e-6
0.13	-8.935062083964253e-6
0.131	-9.58826354089251e-6
0.132	-0.000010279170248579182
0.133	-0.00001100933679559922
0.134	-0.000011780352304460152
0.135	-0.000012593840221071258
0.136	-0.000013451458083497057
0.137	-0.000014354897270752522
0.138	-0.00001530588273240333
0.139	-0.000016306172699738878
0.14	-0.000017357558379286558
0.14100000000000001	-0.000018461863629436325
0.14200000000000002	-0.000019620944620942605
0.14300000000000002	-0.000020836689482066803
0.14400000000000002	-0.00002211101792911884
0.14500000000000002	-0.00002344588088314961
0.14600000000000002	-0.00002484326007353834
0.14700000000000002	-0.00002630516762921021
0.14800000000000002	-0.00002783364565820913
0.14900000000000002	-0.000029430765816339963
0.15000000000000002	-0.000031098628865581794
0.15100000000000002	-0.000032839364222962285
0.15200000000000002	-0.00003465512950056849
0.15300000000000002	-0.00003654811003735585
0.15400000000000003	-0.00003852051842340291
0.155	-0.00004057459401724303
0.156	-0.000042712602456890114
0.157	-0.00004493683516515773
0.158	-0.000047249608849856865
0.159	-0.000049653264999439066
0.16	-0.000052150169374636665
0.161	-0.00005474271149663364
0.162	-0.00005743330413228507
0.163	-0.000060224382776884975
0.164	-0.00006311840513496709
0.165	-0.00006611785059960408
0.166	-0.00006922521973065621
0.167	-0.00007244303373240177
0.168	-0.00007577383393096707
0.169	-0.0000792201812519552
0.17	-0.00008278465569865901
0.171	-0.00008646985583122468
0.17200000000000001	-0.00009027839824712136
0.17300000000000001	-0.00009421291706325067
0.17400000000000002	-0.00009827606340001979
0.17500000000000002	-0.00010247050486768547
0.17600000000000002	-0.00010679892505525886
0.17700000000000002	-0.00011126402302225245
0.17800000000000002	-0.00011586851279352973
0.17900000000000002	-0.00012061512285751057
0.18000000000000002	-0.0001255065956679671
0.18100000000000002	-0.00013054568714963562
0.18200000000000002	-0.0001357351662078548
0.18300000000000002	-0.00014107781424242853
0.18400000000000002	-0.00014657642466590188
0.18500000000000003	-0.0001522338024264239
0.186	-0.0001580527635353611
0.187	-0.00016403613459981626
0.188	-0.00017018675236019206
0.189	-0.00017650746323293328
0.19	-0.00018300112285857059
0.191	-0.0001896705956551754
0.192	-0.00019651875437733075
0.193	-0.00020354847968071345
0.194	-0.00021076265969237004
0.195	-0.00021816418958676666
0.196	-0.00022575597116768022
0.197	-0.0002335409124559934
0.198	-0.0002415219272834476
0.199	-0.0002497019348923988
0.2	-0.0002580838595416207
0.201	-0.00026667063011818625
0.202	-0.00027546517975545165
0.203	-0.0002844704454571733
0.20400000000000001	-0.00029368936772776434
0.20500000000000002	-0.000303124890208706
0.20600000000000002	-0.0003127799593211184
0.20700000000000002	-0.0003226575239144884
0.20800000000000002	-0.00033276053492155397
0.20900000000000002	-0.0003430919450193332
0.21000000000000002	-0.00035365470829628367
0.21100000000000002	-0.00036445177992558056
0.21200000000000002	-0.00037548611584448186
0.21300000000000002	-0.00038676067243976917
0.21400000000000002	-0.00039827840623922304
0.21500000000000002	-0.0004100422736091094
0.21600000000000003	-0.00042205523045764175
0.21700000000000003	-0.0004343202319443751
0.21800000000000003	-0.00044684023219550127
0.219	-0.00045961818402499415
0.22	-0.00047265703866156654
0.221	-0.0004859597454813846
0.222	-0.0004995292517464938
0.223	-0.0005133685023489108
0.224	-0.0005274804395603122
0.225	-0.0005418680027872863
0.226	-0.00055653412833207
0.227	-0.0005714817491587308
0.228	-0.0005867137946647221
0.229	-0.0006022331904577604
0.23	-0.0006180428581379568
0.231	-0.0006341457150851432
0.232	-0.000650544674251328
0.233	-0.000667242643958221
0.234	-0.0006842425276997578
0.23500000000000001	-0.000701547223949562
0.23600000000000002	-0.0007191596259732767
0.23700000000000002	-0.0007370826216457001
0.23800000000000002	-0.0007553190932726633
0.23900000000000002	-0.0007738719174175651
0.24000000000000002	-0.0007927439647325293
0.24100000000000002	-0.000811938099794076
0.24200000000000002	-0.0008314571809432801
0.24300000000000002	-0.000851304060130316
0.24400000000000002	-0.0008714815827633426
0.24500000000000002	-0.0008919925875616466
0.24600000000000002	-0.0009128399064129911
0.24700000000000003	-0.0009340263642350889
0.24800000000000003	-0.0009555547788411434
0.24900000000000003	-0.0009774279608093775
0.25	-0.000999648713356497
0.251	-0.0010222198322150258
0.252	-0.0010451441055144195
0.253	-0.0010684243136659288
0.254	-0.0010920632292511178
0.255	-0.0011160636169139922
0.256	-0.0011404282332566588
0.257	-0.001165159826738463
0.258	-0.0011902611375785375
0.259	-0.0012157348976616963
0.26	-0.0012415838304476192
0.261	-0.0012678106508832547
0.262	-0.001294418065318395
0.263	-0.0013214087714243463
0.264	-0.0013487854581156475
0.265	-0.0013765508054747774
0.266	-0.0014047074846797777
0.267	-0.0014332581579347557
0.268	-0.001462205478403193
0.269	-0.0014915520901440105
0.27	-0.0015213006280503359
0.271	-0.001551453717790914
0.272	-0.0015820139757541044
0.273	-0.0016129840089944252
0.274	-0.001644366415181575
0.275	-0.0016761637825518842
0.276	-0.0017083786898621567
0.277	-0.0017410137063458319
0.278	-0.0017740713916714352
0.279	-0.0018075542959032544
0.28	-0.0018414649594642007
0.281	-0.0018758059131008039
0.28200000000000003	-0.0019105796778502984
0.28300000000000003	-0.0019457887650097478
0.28400000000000003	-0.001981435676107164
0.28500000000000003	-0.0020175229028745784
0.28600000000000003	-0.0020540529272230295
0.28700000000000003	-0.002091028221219394
0.28800000000000003	-0.0021284512470650593
0.28900000000000003	-0.0021663244570763597
0.29000000000000004	-0.002204650293666757
0.29100000000000004	-0.0022434311893307197
0.29200000000000004	-0.0022826695666292476
0.29300000000000004	-0.002322367838177026
0.29400000000000004	-0.002362528406631157
0.29500000000000004	-0.002403153664681414
0.29600000000000004	-0.002444245995042031
0.29700000000000004	-0.0024858077704449305
0.29800000000000004	-0.0025278413536343877
0.299	-0.0025703490973631063
0.3	-0.002613333344389635
0.301	-0.002656796427477121
0.302	-0.0027007406693933464
0.303	-0.0027451683829120416
0.304	-0.0027900818708154066
0.305	-0.0028354834258978528
0.306	-0.002881375330970871
0.307	-0.0029277598588690838
0.308	-0.002974639272457358
0.309	-0.003022015824639018
0.31	-0.0030698917583651007
0.311	-0.0031182693066446232
0.312	-0.0031671506925558383
0.313	-0.003216538129258478
0.314	-0.0032664338200068944
0.315	-0.0033168399581641403
0.316	-0.0033677587272169323
0.317	-0.0034191923007914652
0.318	-0.0034711428426700604
0.319	-0.0035236125068086365
0.32	-0.0035766034373549663
0.321	-0.003630117768667685
0.322	-0.003684157625336059
0.323	-0.0037387251222004677
0.324	-0.0037938223643735696
0.325	-0.0038494514472621794
0.326	-0.0039056144565897603
0.327	-0.003962313468419596
0.328	-0.004019550549178532
0.329	-0.004077327755681356
0.33	-0.004135647135155729
0.331	-0.00419451072526769
0.332	-0.004253920554147686
0.333	-0.004313878640417145
0.334	-0.004374386993215539
0.335	-0.00443544761222794
0.336	-0.004497062487713046
0.337	-0.004559233600531659
0.338	-0.004621962922175622
0.339	-0.004685252414797145
0.34	-0.004749104031238561
0.341	-0.004813519715062485
0.342	-0.004878501400582321
0.343	-0.004944051012893156
0.34400000000000003	-0.005010170467903003
0.34500000000000003	-0.0050768616723643745
0.34600000000000003	-0.00514412652390616
0.34700000000000003	-0.005211966911065867
0.34800000000000003	-0.005280384713322102
0.34900000000000003	-0.005349381801127359
0.35000000000000003	-0.005418960035941088
0.35100000000000003	-0.0054891212702630286
0.35200000000000004	-0.0055598673476667596
0.35300000000000004	-0.005631200102833517
0.35400000000000004	-0.005703121361586236
0.35500000000000004	-0.0057756329409237896
0.35600000000000004	-0.005848736649055454
0.35700000000000004	-0.005922434285435563
0.35800000000000004	-0.005996727640798334
0.35900000000000004	-0.006071618497192881
0.36000000000000004	-0.0061471086280184125
0.36100000000000004	-0.006223199798059515
0.362	-0.006299893763521698
0.363	-0.0063771922720669534
0.364	-0.006455097062849546
0.365	-0.006533609866551847
0.366	-0.006612732405420335
0.367	-0.006692466393301675
0.368	-0.006772813535678912
0.369	-0.006853775529707715
0.37	-0.006935354064252757
0.371	-0.007017550819924127
0.372	-0.007100367469113831
0.373	-0.007183805676032332
0.374	-0.007267867096745184
0.375	-0.007352553379209672
0.376	-0.0074378661633114915
0.377	-0.007523807080901509
0.378	-0.007610377755832505
0.379	-0.007697579803995967
0.38	-0.007785414833358849
0.381	-0.007873884444000442
0.382	-0.007962990228149126
0.383	-0.008052733770219233
0.384	-0.008143116646847847
0.385	-0.008234140426931586
0.386	-0.00832580667166339
0.387	-0.008418116934569314
0.388	-0.008511072761545257
0.389	-0.008604675690893668
0.39	-0.008698927253360243
0.391	-0.008793828972170544
0.392	-0.008889382363066665
0.393	-0.008985588934343704
0.394	-0.00908245018688635
0.395	-0.009179967614205297
0.396	-0.009278142702473655
0.397	-0.009376976930563314
0.398	-0.009476471770081197
0.399	-0.009576628685405479
0.4	-0.009677449133721728
0.401	-0.009778934565059
0.402	-0.009881086422325786
0.403	-0.009983906141345967
0.404	-0.01008739515089465
0.405	-0.010191554872733875
0.406	-0.010296386721648312
0.40700000000000003	-0.010401892105480835
0.40800000000000003	-0.010508072425167998
0.40900000000000003	-0.010614929074775388
0.41000000000000003	-0.010722463441532971
0.41100000000000003	-0.010830676905870251
0.41200000000000003	-0.010939570841451352
0.41300000000000003	-0.011049146615210014
0.41400000000000003	-0.011159405587384487
0.41500000000000004	-0.01127034911155226
0.41600000000000004	-0.011381978534664787
0.41700000000000004	-0.011494295197081991
0.41800000000000004	-0.011607300432606712
0.41900000000000004	-0.011720995568519046
0.42000000000000004	-0.011835381925610546
0.42100000000000004	-0.011950460818218323
0.42200000000000004	-0.012066233554258989
0.42300000000000004	-0.012182701435262535
0.42400000000000004	-0.012299865756406079
0.42500000000000004	-0.012417727806547416
0.42600000000000005	-0.01253628886825855
0.427	-0.012655550217859005
0.428	-0.012775513125449115
0.429	-0.012896178854943083
0.43	-0.013017548664101937
0.431	-0.013139623804566418
0.432	-0.01326240552188964
0.433	-0.013385895055569738
0.434	-0.01351009363908221
0.435	-0.013635002499912348
0.436	-0.013760622859587303
0.437	-0.013886955933708223
0.438	-0.014014002931982098
0.439	-0.014141765058253545
0.44	-0.014270243510536422
0.441	-0.014399439481045384
0.442	-0.01452935415622715
0.443	-0.014659988716791783
0.444	-0.01479134433774377
0.445	-0.014923422188412895
0.446	-0.015056223432485121
0.447	-0.015189749228033147
0.448	-0.015324000727547044
0.449	-0.015458979077964525
0.45	-0.015594685420701191
0.451	-0.015731120891680734
0.452	-0.015868286621364684
0.453	-0.01600618373478241
0.454	-0.016144813351560653
0.455	-0.01628417658595312
0.456	-0.016424274546869802
0.457	-0.01656510833790627
0.458	-0.01670667905737272
0.459	-0.016848987798322935
0.46	-0.016992035648583106
0.461	-0.01713582369078046
0.462	-0.017280353002371813
0.463	-0.017425624655671924
0.464	-0.017571639717881733
0.465	-0.017718399251116464
0.466	-0.017865904312433546
0.467	-0.01801415595386042
0.468	-0.018163155222422254
0.46900000000000003	-0.01831290316016937
0.47000000000000003	-0.018463400804204704
0.47100000000000003	-0.018614649186710974
0.47200000000000003	-0.018766649334977847
0.47300000000000003	-0.018919402271428777
0.47400000000000003	-0.01907290901364797
0.47500000000000003	-0.0192271705744069
0.47600000000000003	-0.019382187961690913
0.47700000000000004	-0.019537962178725624
0.47800000000000004	-0.0196944942240031
0.47900000000000004	-0.01985178509130807
0.48000000000000004	-0.020009835769743706
0.48100000000000004	-0.02016864724375768
0.48200000000000004	-0.020328220493167678
0.48300000000000004	-0.02048855649318705
0.48400000000000004	-0.020649656214450064
0.48500000000000004	-0.02081152062303747
0.48600000000000004	-0.020974150680501267
0.48700000000000004	-0.021137547343889982
0.48800000000000004	-0.021301711565773384
0.48900000000000005	-0.02146664429426728
0.49	-0.021632346473058037
0.491	-0.021798819041427088
0.492	-0.021966062934275186
0.493	-0.022134079082146665
0.494	-0.022302868411253365
0.495	-0.022472431843498696
0.496	-0.022642770296501257
0.497	-0.02281388468361861
0.498	-0.022985775913970646
0.499	-0.023158444892463215
0.5	-0.023331892519811027
0.501	-0.023506119692561063
0.502	-0.02368112730311543
0.503	-0.02385691623975416
0.504	-0.024033487386658114
0.505	-0.02421084162393141
0.506	-0.024388979827623947
0.507	-0.024567902869753747
0.508	-0.02474761161832919
0.509	-0.024928106937371023
0.51	-0.02510938968693443
0.511	-0.02529146072313075
0.512	-0.025474320898149223
0.513	-0.025657971060278638
0.514	-0.02584241205392866
0.515	-0.02602764471965125
0.516	-0.026213669894161917
0.517	-0.026400488410360613
0.518	-0.026588101097352934
0.519	-0.0267765087804708
0.52	-0.026965712281293224
0.521	-0.02715571241766695
0.522	-0.027346510003726857
0.523	-0.027538105849916398
0.524	-0.027730500763007745
0.525	-0.027923695546122004
0.526	-0.028117690998749213
0.527	-0.028312487916768127
0.528	-0.02850808709246613
0.529	-0.028704489314558827
0.53	-0.02890169536820953
0.531	-0.029099706035048748
0.532	-0.029298522093193564
0.533	-0.029498144317266634
0.534	-0.029698573478415476
0.535	-0.029899810344331295
0.536	-0.030101855679267982
0.537	-0.0303047102440607
0.538	-0.030508374796144617
0.539	-0.03071285008957346
0.54	-0.03091813687503789
0.541	-0.03112423589988377
0.542	-0.031331147908130415
0.543	-0.031538873640488706
0.544	-0.03174741383437898
0.545	-0.03195676922394907
0.546	-0.03216694054009185
0.547	-0.032377928510463144
0.548	-0.032589733859499065
0.549	-0.03280235730843363
0.55	-0.033015799575316085
0.551	-0.03323006137502803
0.552	-0.03344514341930073
0.553	-0.03366104641673207
0.554	-0.03387777107280349
0.555	-0.034095318089896916
0.556	-0.034313688167311326
0.557	-0.0345328820012796
0.558	-0.0347529002849849
0.559	-0.034973743708577164
0.56	-0.03519541295918948
0.561	-0.035417908720954315
0.562	-0.03564123167501962
0.5630000000000001	-0.03586538249956496
0.5640000000000001	-0.03609036186981739
0.5650000000000001	-0.03631617045806737
0.5660000000000001	-0.036542808933684515
0.5670000000000001	-0.036770277963133265
0.5680000000000001	-0.036998578209988454
0.5690000000000001	-0.03722771033495081
0.5700000000000001	-0.03745767499586233
0.5710000000000001	-0.03768847284772162
0.5720000000000001	-0.03792010454269902
0.5730000000000001	-0.03815257073015181
0.5740000000000001	-0.03838587205663917
0.5750000000000001	-0.03862000916593718
0.5760000000000001	-0.03885498269905355
0.5770000000000001	-0.039090793294242525
0.5780000000000001	-0.0393274415870195
0.5790000000000001	-0.039564928210175515
0.5800000000000001	-0.03980325379379184
0.5810000000000001	-0.04004241896525439
0.5820000000000001	-0.04028242434926797
0.5830000000000001	-0.040523270567870605
0.5840000000000001	-0.04076495824044759
0.5850000000000001	-0.04100748798374559
0.5860000000000001	-0.04125086041188665
0.587	-0.04149507613638208
0.588	-0.04174013576614629
0.589	-0.041986039907510396
0.59	-0.04223278916423604
0.591	-0.042480384137528825
0.592	-0.04272882542605185
0.593	-0.042978113625939125
0.594	-0.04322824933080893
0.595	-0.043479233131776894
0.596	-0.04373106561746931
0.597	-0.0439837473740363
0.598	-0.04423727898516453
0.599	-0.04449166103209045
0.6	-0.044746894093612925
0.601	-0.045002978746106134
0.602	-0.04525991556353219
0.603	-0.045517705117453865
0.604	-0.045776347977046966
0.605	-0.04603584470911302
0.606	-0.04629619587809149
0.607	-0.046557402046072234
0.608	-0.04681946377280757
0.609	-0.047082381615724714
0.61	-0.04734615612993765
0.611	-0.047610787868259265
0.612	-0.04787627738121336
0.613	-0.04814262521704634
0.614	-0.04840983192173928
0.615	-0.04867789803901951
0.616	-0.048946824110372315
0.617	-0.04921661067505261
0.618	-0.04948725827009637
0.619	-0.04975876743033225
0.62	-0.05003113868839272
0.621	-0.05030437257472579
0.622	-0.05057846961760587
0.623	-0.05085343034314523
0.624	-0.05112925527530506
0.625	-0.05140594493590658
0.626	-0.05168349984464179
0.627	-0.05196192051908486
0.628	-0.05224120747470251
0.629	-0.0525213612248652
0.63	-0.05280238228085763
0.631	-0.05308427115188955
0.632	-0.05336702834510641
0.633	-0.05365065436559954
0.634	-0.05393514971641723
0.635	-0.05422051489857462
0.636	-0.05450675041106454
0.637	-0.054793856750867315
0.638	-0.05508183441296139
0.639	-0.055370683890333255
0.64	-0.055660405673987966
0.641	-0.055951000252958585
0.642	-0.05624246811431671
0.643	-0.0565348097431822
0.644	-0.05682802562273315
0.645	-0.05712211623421556
0.646	-0.05741708205695319
0.647	-0.057712923568357416
0.648	-0.058009641243936566
0.649	-0.058307235557305874
0.65	-0.0586057069801967
0.651	-0.05890505598246619
0.652	-0.05920528303210674
0.653	-0.05950638859525526
0.654	-0.05980837313620247
0.655	-0.06011123711740226
0.656	-0.06041498099948092
0.657	-0.06071960524124625
0.658	-0.06102511029969645
0.659	-0.06133149663002946
0.66	-0.061638764685651964
0.661	-0.06194691491818822
0.662	-0.06225594777748875
0.663	-0.06256586371163954
0.664	-0.0628766631669707
0.665	-0.06318834658806503
0.666	-0.06350091441776697
0.667	-0.06381436709719103
0.668	-0.06412870506573046
0.669	-0.0644439287610657
0.67	-0.06476003861917305
0.671	-0.06507703507433295
0.672	-0.06539491855913836
0.673	-0.06571368950450314
0.674	-0.06603334833967031
0.675	-0.06635389549222045
0.676	-0.06667533138807956
0.677	-0.06699765645152748
0.678	-0.06732087110520599
0.679	-0.06764497577012658
0.68	-0.06796997086567884
0.681	-0.06829585680963798
0.682	-0.06862263401817335
0.683	-0.0689503029058556
0.684	-0.06927886388566498
0.685	-0.06960831736899893
0.686	-0.06993866376568002
0.687	-0.07026990348396318
0.6880000000000001	-0.07060203693054386
0.6890000000000001	-0.07093506451056526
0.6900000000000001	-0.07126898662762618
0.6910000000000001	-0.07160380368378812
0.6920000000000001	-0.07193951607958328
0.6930000000000001	-0.07227612421402145
0.6940000000000001	-0.07261362848459782
0.6950000000000001	-0.07295202928730012
0.6960000000000001	-0.07329132701661581
0.6970000000000001	-0.07363152206553952
0.6980000000000001	-0.07397261482558039
0.6990000000000001	-0.0743146056867687
0.7000000000000001	-0.07465749503766372
0.7010000000000001	-0.07500128326536014
0.7020000000000001	-0.07534597075549566
0.7030000000000001	-0.07569155789225764
0.7040000000000001	-0.07603804505839021
0.7050000000000001	-0.07638543263520116
0.7060000000000001	-0.07673372100256887
0.7070000000000001	-0.07708291053894913
0.7080000000000001	-0.07743300162138199
0.7090000000000001	-0.0777839946254985
0.7100000000000001	-0.07813588992552745
0.7110000000000001	-0.07848868789430204
0.7120000000000001	-0.0788423889032666
0.7130000000000001	-0.07919699332248323
0.714	-0.0795525015206382
0.715	-0.07990891386504873
0.716	-0.08026623072166957
0.717	-0.08062445245509889
0.718	-0.08098357942858543
0.719	-0.08134361200403459
0.72	-0.08170455054201471
0.721	-0.08206639540176353
0.722	-0.08242914694119433
0.723	-0.08279280551690263
0.724	-0.08315737148417168
0.725	-0.08352284519697942
0.726	-0.08388922700800389
0.727	-0.08425651726863001
0.728	-0.08462471632895525
0.729	-0.08499382453779587
0.73	-0.08536384224269271
0.731	-0.08573476978991751
0.732	-0.08610660752447868
0.733	-0.08647935579012689
0.734	-0.08685301492936172
0.735	-0.08722758528343696
0.736	-0.08760306719236614
0.737	-0.08797946099492912
0.738	-0.08835676702867737
0.739	-0.08873498562993952
0.74	-0.08911411713382753
0.741	-0.0894941618742419
0.742	-0.08987512018387761
0.743	-0.09025699239422955
0.744	-0.09063977883559798
0.745	-0.09102347983709447
0.746	-0.09140809572664688
0.747	-0.09179362683100525
0.748	-0.09218007347574701
0.749	-0.09256743598528239
0.75	-0.09295571468286001
0.751	-0.09334490989057184
0.752	-0.09373502192935919
0.753	-0.09412605111901713
0.754	-0.09451799777820045
0.755	-0.09491086222442859
0.756	-0.0953046447740908
0.757	-0.09569934574245167
0.758	-0.09609496544365584
0.759	-0.09649150419073323
0.76	-0.09688896229560437
0.761	-0.09728734006908535
0.762	-0.0976866378208925
0.763	-0.09808685585964814
0.764	-0.09848799449288474
0.765	-0.0988900540270505
0.766	-0.099293034767514
0.767	-0.09969693701856902
0.768	-0.10010176108343975
0.769	-0.10050750726428517
0.77	-0.10091417586220428
0.771	-0.10132176717724077
0.772	-0.10173028150838762
0.773	-0.10213971915359214
0.774	-0.10255008040976037
0.775	-0.102961365572762
0.776	-0.1033735749374351
0.777	-0.10378670879759033
0.778	-0.10420076744601602
0.779	-0.10461575117448267
0.78	-0.10503166027374736
0.781	-0.10544849503355826
0.782	-0.10586625574265944
0.783	-0.10628494268879497
0.784	-0.10670455615871392
0.785	-0.10712509643817414
0.786	-0.10754656381194719
0.787	-0.10796895856382265
0.788	-0.10839228097661217
0.789	-0.10881653133215431
0.79	-0.10924170991131849
0.791	-0.10966781699400927
0.792	-0.11009485285917128
0.793	-0.11052281778479242
0.794	-0.11095171204790902
0.795	-0.11138153592460949
0.796	-0.11181228969003877
0.797	-0.1122439736184025
0.798	-0.11267658798297105
0.799	-0.11311013305608363
0.8	-0.11354460910915254
0.801	-0.11398001641266722
0.802	-0.11441635523619806
0.803	-0.11485362584840081
0.804	-0.11529182851702025
0.805	-0.11573096350889457
0.806	-0.11617103108995888
0.807	-0.11661203152524961
0.808	-0.1170539650789081
0.809	-0.11749683201418461
0.81	-0.11794063259344241
0.811	-0.11838536707816141
0.812	-0.11883103572894188
0.8130000000000001	-0.1192776388055088
0.8140000000000001	-0.11972517656671515
0.8150000000000001	-0.12017364927054595
0.8160000000000001	-0.12062305717412189
0.8170000000000001	-0.12107340053370336
0.8180000000000001	-0.12152467960469389
0.8190000000000001	-0.12197689464164366
0.8200000000000001	-0.12243004589825399
0.8210000000000001	-0.12288413362738008
0.8220000000000001	-0.12333915808103536
0.8230000000000001	-0.12379511951039471
0.8240000000000001	-0.12425201816579809
0.8250000000000001	-0.12470985429675463
0.8260000000000001	-0.1251686281519454
0.8270000000000001	-0.12562833997922762
0.8280000000000001	-0.12608899002563811
0.8290000000000001	-0.12655057853739632
0.8300000000000001	-0.1270131057599084
0.8310000000000001	-0.12747657193777046
0.8320000000000001	-0.12794097731477205
0.8330000000000001	-0.1284063221338997
0.8340000000000001	-0.12887260663733993
0.8350000000000001	-0.1293398310664834
0.8360000000000001	-0.12980799566192766
0.8370000000000001	-0.1302771006634807
0.8380000000000001	-0.1307471463101646
0.8390000000000001	-0.13121813284021838
0.8400000000000001	-0.13169006049110193
0.8410000000000001	-0.13216292949949868
0.8420000000000001	-0.1326367401013192
0.843	-0.13311149253170465
0.844	-0.1335871870250297
0.845	-0.13406382381490617
0.846	-0.13454140313418558
0.847	-0.1350199252149631
0.848	-0.13549939028858018
0.849	-0.13597979858562853
0.85	-0.136461150335952
0.851	-0.13694344576865083
0.852	-0.13742668511208442
0.853	-0.13791086859387433
0.854	-0.13839599644090728
0.855	-0.13888206887933874
0.856	-0.13936908613459545
0.857	-0.13985704843137867
0.858	-0.1403459559936672
0.859	-0.14083580904472054
0.86	-0.14132660780708203
0.861	-0.1418183525025809
0.862	-0.1423110433523363
0.863	-0.14280468057675993
0.864	-0.14329926439555865
0.865	-0.14379479502773812
0.866	-0.14429127269160513
0.867	-0.1447886976047701
0.868	-0.1452870699841513
0.869	-0.14578639004597646
0.87	-0.14628665800578622
0.871	-0.14678787407843685
0.872	-0.14729003847810276
0.873	-0.14779315141828028
0.874	-0.148297213111789
0.875	-0.14880222377077593
0.876	-0.14930818360671752
0.877	-0.14981509283042252
0.878	-0.15032295165203458
0.879	-0.15083176028103557
0.88	-0.15134151892624764
0.881	-0.1518522277958364
0.882	-0.15236388709731313
0.883	-0.1528764970375378
0.884	-0.15339005782272178
0.885	-0.15390456965843
0.886	-0.15442003274958457
0.887	-0.1549364473004661
0.888	-0.15545381351471735
0.889	-0.1559721315953453
0.89	-0.15649140174472378
0.891	-0.15701162416459682
0.892	-0.15753279905607945
0.893	-0.15805492661966197
0.894	-0.158578007055212
0.895	-0.15910204056197635
0.896	-0.15962702733858436
0.897	-0.16015296758304987
0.898	-0.160679861492774
0.899	-0.16120770926454725
0.9	-0.16173651109455248
0.901	-0.1622662671783671
0.902	-0.16279697771096535
0.903	-0.16332864288672078
0.904	-0.16386126289940897
0.905	-0.16439483794220947
0.906	-0.16492936820770854
0.907	-0.16546485388790155
0.908	-0.16600129517419487
0.909	-0.1665386922574086
0.91	-0.16707704532777928
0.911	-0.1676163545749612
0.912	-0.16815662018802963
0.913	-0.16869784235548294
0.914	-0.1692400212652445
0.915	-0.16978315710466516
0.916	-0.17032725006052607
0.917	-0.17087230031903997
0.918	-0.17141830806585415
0.919	-0.17196527348605253
0.92	-0.17251319676415758
0.921	-0.17306207808413326
0.922	-0.17361191762938621
0.923	-0.17416271558276905
0.924	-0.17471447212658145
0.925	-0.17526718744257333
0.926	-0.17582086171194647
0.927	-0.17637549511535675
0.928	-0.17693108783291603
0.929	-0.17748764004419493
0.93	-0.1780451519282247
0.931	-0.17860362366349858
0.932	-0.17916305542797545
0.933	-0.17972344739908017
0.934	-0.18028479975370715
0.935	-0.18084711266822132
0.936	-0.18141038631846101
0.937	-0.18197462087973978
0.9380000000000001	-0.18253981652684784
0.9390000000000001	-0.18310597343405474
0.9400000000000001	-0.1836730917751119
0.9410000000000001	-0.18424117172325286
0.9420000000000001	-0.18481021345119752
0.9430000000000001	-0.1853802171311525
0.9440000000000001	-0.1859511829348131
0.9450000000000001	-0.18652311103336697
0.9460000000000001	-0.18709600159749393
0.9470000000000001	-0.18766985479736978
0.9480000000000001	-0.18824467080266677
0.9490000000000001	-0.18882044978255605
0.9500000000000001	-0.1893971919057106
0.9510000000000001	-0.18997489734030554
0.9520000000000001	-0.19055356625402076
0.9530000000000001	-0.19113319881404323
0.9540000000000001	-0.19171379518706846
0.9550000000000001	-0.19229535553930233
0.9560000000000001	-0.1928778800364627
0.9570000000000001	-0.19346136884378246
0.9580000000000001	-0.19404582212601
0.9590000000000001	-0.19463124004741186
0.9600000000000001	-0.19521762277177412
0.9610000000000001	-0.19580497046240491
0.9620000000000001	-0.19639328328213546
0.9630000000000001	-0.19698256139332232
0.9640000000000001	-0.1975728049578492
0.9650000000000001	-0.1981640141371286
0.9660000000000001	-0.19875618909210405
0.9670000000000001	-0.1993493299832505
0.9680000000000001	-0.19994343697057837
0.9690000000000001	-0.20053851021363325
0.97	-0.20113454987149873
0.971	-0.20173155610279822
0.972	-0.2023295290656955
0.973	-0.20292846891789848
0.974	-0.2035283758166585
0.975	-0.2041292499187747
0.976	-0.20473109138059306
0.977	-0.2053339003580103
0.978	-0.20593767700647403
0.979	-0.20654242148098587
0.98	-0.20714813393610126
0.981	-0.2077548145259334
0.982	-0.20836246340415251
0.983	-0.20897108072398973
0.984	-0.20958066663823716
0.985	-0.21019122129925033
0.986	-0.21080274485894931
0.987	-0.21141523746882096
0.988	-0.21202869927991974
0.989	-0.21264313044287028
0.99	-0.21325853110786833
0.991	-0.2138749014246822
0.992	-0.21449224154265498
0.993	-0.21511055161070564
0.994	-0.21572983177733107
0.995	-0.2163500821906068
0.996	-0.21697130299818954
0.997	-0.21759349434731817
0.998	-0.2182166563848155
0.999	-0.21884078925708933
1.	-0.219465893110135
1.001	-0.22009196808953563
1.002	-0.22071901434046515
1.003	-0.22134703200768793
1.004	-0.2219760212355621
1.005	-0.22260598216803987
1.006	-0.22323691494866973
1.007	-0.22386881972059716
1.008	-0.22450169662656713
1.009	-0.2251355458089243
1.01	-0.22577036740961623
1.0110000000000001	-0.22640616157019286
1.012	-0.22704292843180887
1.0130000000000001	-0.22768066813522625
1.014	-0.2283193808208135
1.0150000000000001	-0.22895906662854884
1.016	-0.22959972569802037
1.0170000000000001	-0.23024135816842914
1.018	-0.2308839641785886
1.0190000000000001	-0.23152754386692737
1.02	-0.23217209737149047
1.0210000000000001	-0.2328176248299398
1.022	-0.23346412637955688
1.0230000000000001	-0.23411160215724297
1.024	-0.2347600522995215
1.0250000000000001	-0.23540947694253897
1.026	-0.2360598762220656
1.0270000000000001	-0.23671125027349857
1.028	-0.23736359923186098
1.0290000000000001	-0.2380169232318054
1.03	-0.2386712224076134
1.0310000000000001	-0.23932649689319857
1.032	-0.23998274682210616
1.0330000000000001	-0.2406399723275158
1.034	-0.24129817354224187
1.035	-0.24195735059873566
1.036	-0.24261750362908568
1.037	-0.2432786327650197
1.038	-0.24394073813790593
1.039	-0.24460381987875396
1.04	-0.24526787811821668
1.041	-0.24593291298659017
1.042	-0.24659892461381763
1.043	-0.24726591312948723
1.044	-0.2479338786628363
1.045	-0.24860282134275072
1.046	-0.24927274129776747
1.047	-0.24994363865607427
1.048	-0.25061551354551326
1.049	-0.251288366093579
1.05	-0.25196219642742307
1.051	-0.25263700467385264
1.052	-0.2533127909593329
1.053	-0.2539895554099887
1.054	-0.2546672981516045
1.055	-0.2553460193096264
1.056	-0.2560257190091633
1.057	-0.256706397374988
1.058	-0.25738805453153785
1.059	-0.25807069060291693
1.06	-0.2587543057128967
1.061	-0.2594388999849166
1.062	-0.2601244735420867
1.063	-0.26081102650718724
1.064	-0.26149855900267077
1.065	-0.26218707115066286
1.066	-0.2628765630729639
1.067	-0.2635670348910486
1.068	-0.26425848672607005
1.069	-0.2649509186988573
1.07	-0.2656443309299196
1.071	-0.2663387235394452
1.072	-0.26703409664730415
1.073	-0.26773045037304805
1.074	-0.2684277848359127
1.075	-0.26912610015481747
1.076	-0.26982539644836756
1.077	-0.27052567383485493
1.078	-0.27122693243225904
1.079	-0.27192917235824804
1.08	-0.2726323937301801
1.081	-0.2733365966651043
1.082	-0.2740417812797616
1.083	-0.27474794769058597
1.084	-0.27545509601370616
1.085	-0.2761632263649446
1.086	-0.2768723388598218
1.087	-0.2775824336135538
1.088	-0.27829351074105646
1.089	-0.27900557035694346
1.09	-0.2797186125755306
1.091	-0.2804326375108333
1.092	-0.28114764527657093
1.093	-0.28186363598616526
1.094	-0.28258060975274324
1.095	-0.2832985666891362
1.096	-0.2840175069078836
1.097	-0.2847374305212309
1.098	-0.2854583376411333
1.099	-0.2861802283792539
1.1	-0.28690310284696807
1.101	-0.2876269611553612
1.102	-0.28835180341523203
1.103	-0.28907762973709195
1.104	-0.2898044402311676
1.105	-0.2905322350074002
1.106	-0.291261014175448
1.107	-0.29199077784468563
1.108	-0.292721526124207
1.109	-0.2934532591228241
1.11	-0.29418597694907017
1.111	-0.2949196797111991
1.112	-0.29565436751718654
1.113	-0.2963900404747313
1.114	-0.2971266986912563
1.115	-0.29786434227390896
1.116	-0.29860297132956287
1.117	-0.2993425859648176
1.118	-0.30008318628600134
1.119	-0.3008247723991699
1.12	-0.30156734441010885
1.121	-0.3023109024243344
1.122	-0.30305544654709327
1.123	-0.30380097688336494
1.124	-0.3045474935378621
1.125	-0.3052949966150306
1.1260000000000001	-0.3060434862190516
1.127	-0.3067929624538417
1.1280000000000001	-0.3075434254230546
1.129	-0.30829487523008087
1.1300000000000001	-0.3090473119780498
1.131	-0.3098007357698298
1.1320000000000001	-0.3105551467080293
1.133	-0.31131054489499727
1.1340000000000001	-0.31206693043282535
1.135	-0.3128243034233471
1.1360000000000001	-0.31358266396814016
1.137	-0.31434201216852575
1.1380000000000001	-0.3151023481255712
1.139	-0.31586367194008885
1.1400000000000001	-0.31662598371263906
1.141	-0.3173892835435292
1.1420000000000001	-0.31815357153281504
1.143	-0.3189188477803025
1.1440000000000001	-0.31968511238554675
1.145	-0.32045236544785494
1.1460000000000001	-0.32122060706628525
1.147	-0.3219898373396488
1.1480000000000001	-0.32276005636651073
1.149	-0.3235312642451894
1.1500000000000001	-0.32430346107375946
1.151	-0.32507664695005023
1.1520000000000001	-0.32585082197164855
1.153	-0.3266259862358986
1.1540000000000001	-0.3274021398399027
1.155	-0.3281792828805222
1.1560000000000001	-0.3289574154543786
1.157	-0.3297365376578535
1.1580000000000001	-0.33051664958709076
1.159	-0.33129775133799527
1.1600000000000001	-0.33207984300623644
1.161	-0.3328629246872454
1.1620000000000001	-0.33364699647621976
1.163	-0.33443205846812124
1.164	-0.3352181107576779
1.165	-0.3360051534393847
1.166	-0.3367931866075039
1.167	-0.33758221035606667
1.168	-0.3383722247788719
1.169	-0.33916322996949
1.17	-0.3399552260212605
1.171	-0.34074821302729497
1.172	-0.3415421910804768
1.173	-0.3423371602734622
1.174	-0.3431331206986805
1.175	-0.3439300724483358
1.176	-0.3447280156144066
1.177	-0.34552695028864777
1.178	-0.34632687656258965
1.179	-0.34712779452754033
1.18	-0.3479297042745856
1.181	-0.34873260589458965
1.182	-0.34953649947819576
1.183	-0.35034138511582796
1.184	-0.3511472628976896
1.185	-0.35195413291376654
1.186	-0.3527619952538256
1.187	-0.3535708500074179
1.188	-0.3543806972638762
1.189	-0.3551915371123187
1.19	-0.356003369641648
1.191	-0.35681619494055156
1.192	-0.35763001309750414
1.193	-0.3584448242007666
1.194	-0.35926062833838723
1.195	-0.3600774255982034
1.196	-0.36089521606784
1.197	-0.36171399983471275
1.198	-0.3625337769860266
1.199	-0.36335454760877844
1.2	-0.3641763117897551
1.201	-0.36499906961553746
1.202	-0.3658228211724977
1.203	-0.36664756654680236
1.204	-0.3674733058244118
1.205	-0.36830003909108106
1.206	-0.3691277664323609
1.207	-0.36995648793359837
1.208	-0.3707862036799364
1.209	-0.37161691375631617
1.21	-0.3724486182474763
1.211	-0.37328131723795416
1.212	-0.3741150108120865
1.213	-0.37494969905401015
1.214	-0.37578538204766154
1.215	-0.37662205987677966
1.216	-0.3774597326249036
1.217	-0.3782984003753764
1.218	-0.3791380632113427
1.219	-0.3799787212157523
1.22	-0.3808203744713573
1.221	-0.38166302306071637
1.222	-0.3825066670661925
1.223	-0.38335130656995514
1.224	-0.3841969416539802
1.225	-0.38504357240005155
1.226	-0.38589119888975953
1.227	-0.3867398212045041
1.228	-0.38758943942549334
1.229	-0.38844005363374584
1.23	-0.3892916639100896
1.231	-0.390144270335164
1.232	-0.39099787298941907
1.233	-0.39185247195311784
1.234	-0.39270806730633473
1.235	-0.39356465912895794
1.236	-0.3944222475006894
1.237	-0.39528083250104495
1.238	-0.3961404142093549
1.239	-0.3970009927047663
1.24	-0.3978625680662403
1.241	-0.3987251403725564
1.242	-0.39958870970231036
1.243	-0.40045327613391496
1.244	-0.40131883974560184
1.245	-0.4021854006154219
1.246	-0.40305295882124387
1.247	-0.40392151444075836
1.248	-0.40479106755147426
1.249	-0.40566161823072333
1.25	-0.4065331665556569
1.2510000000000001	-0.4074057126032501
1.252	-0.40827925645029955
1.2530000000000001	-0.409153798173426
1.254	-0.4100293378490724
1.2550000000000001	-0.4109058755535073
1.256	-0.4117834113628231
1.2570000000000001	-0.4126619453529381
1.258	-0.4135414775995953
1.2590000000000001	-0.4144220081783658
1.26	-0.41530353716464546
1.2610000000000001	-0.4161860646336591
1.262	-0.4170695906604588
1.2630000000000001	-0.4179541153199254
1.264	-0.4188396386867678
1.2650000000000001	-0.4197261608355255
1.266	-0.42061368184056697
1.2670000000000001	-0.4215022017760917
1.268	-0.42239172071613
1.2690000000000001	-0.4232822387345436
1.27	-0.4241737559050258
1.2710000000000001	-0.4250662723011039
1.272	-0.42595978799613626
1.2730000000000001	-0.4268543030633167
1.274	-0.4277498175756701
1.2750000000000001	-0.42864633160605936
1.276	-0.42954384522717953
1.2770000000000001	-0.43044235851156315
1.278	-0.43134187153157755
1.2790000000000001	-0.4322423843594274
1.28	-0.4331438970671523
1.2810000000000001	-0.43404640972663217
1.282	-0.4349499224095823
1.2830000000000001	-0.4358544351875584
1.284	-0.43675994813195346
1.2850000000000001	-0.43766646131400083
1.286	-0.43857397480477284
1.2870000000000001	-0.43948248867518314
1.288	-0.44039200299598574
1.2890000000000001	-0.4413025178377754
1.29	-0.4422140332709886
1.291	-0.44312654936590584
1.292	-0.44404006619264746
1.293	-0.44495458382117864
1.294	-0.44587010232130814
1.295	-0.44678662176268846
1.296	-0.4477041422148163
1.297	-0.44862266374703313
1.298	-0.4495421864285274
1.299	-0.4504627103283317
1.3	-0.4513842355153255
1.301	-0.45230676205823517
1.302	-0.45323029002563475
1.303	-0.45415481948594416
1.304	-0.4550803505074349
1.305	-0.45600688315822263
1.306	-0.4569344175062749
1.307	-0.457862953619409
1.308	-0.4587924915652909
1.309	-0.459723031411436
1.31	-0.4606545732252135
1.311	-0.46158711707384
1.312	-0.46252066302438744
1.313	-0.4634552111437772
1.314	-0.46439076149878383
1.315	-0.4653273141560352
1.316	-0.46626486918201293
1.317	-0.46720342664305103
1.318	-0.46814298660533893
1.319	-0.4690835491349199
1.32	-0.4700251142976933
1.321	-0.47096768215941237
1.322	-0.47191125278568824
1.323	-0.47285582624198647
1.324	-0.4738014025936301
1.325	-0.47474798190580014
1.326	-0.4756955642435335
1.327	-0.47664414967172586
1.328	-0.47759373825513185
1.329	-0.4785443300583641
1.33	-0.4794959251458946
1.331	-0.4804485235820549
1.332	-0.4814021254310368
1.333	-0.4823567307568917
1.334	-0.4833123396235332
1.335	-0.48426895209473464
1.336	-0.48522656823413235
1.337	-0.48618518810522265
1.338	-0.4871448117713668
1.339	-0.4881054392957862
1.34	-0.4890670707415682
1.341	-0.490029706171661
1.342	-0.49099334564887837
1.343	-0.4919579892358983
1.344	-0.4929236369952631
1.345	-0.4938902889893795
1.346	-0.49485794528052235
1.347	-0.49582660593082933
1.348	-0.4967962710023051
1.349	-0.49776694055682263
1.35	-0.49873861465612
1.351	-0.4997112933618041
1.352	-0.5006849767353485
1.353	-0.5016596648380948
1.354	-0.5026353577312548
1.355	-0.5036120554759074
1.356	-0.5045897581330013
1.357	-0.5055684657633552
1.358	-0.5065481784276575
1.359	-0.5075288961864666
1.36	-0.5085106191002129
1.361	-0.509493347229196
1.362	-0.5104770806335888
1.363	-0.5114618193734345
1.364	-0.5124475635086495
1.365	-0.5134343130990229
1.366	-0.5144220682042158
1.367	-0.5154108288837626
1.368	-0.5164005951970724
1.369	-0.5173913672034274
1.37	-0.5183831449619841
1.371	-0.5193759285317733
1.372	-0.5203697179717021
1.373	-0.5213645133405521
1.374	-0.5223603146969813
1.375	-0.5233571220995217
1.3760000000000001	-0.5243549356065844
1.377	-0.5253537552764563
1.3780000000000001	-0.5263535811673004
1.379	-0.5273544133371585
1.3800000000000001	-0.5283562518439493
1.381	-0.5293590967454703
1.3820000000000001	-0.5303629480993963
1.383	-0.5313678059632826
1.3840000000000001	-0.5323736703945623
1.385	-0.5333805414505488
1.3860000000000001	-0.5343884191884344
1.387	-0.535397303665292
1.3880000000000001	-0.5364071949380759
1.389	-0.5374180930636184
1.3900000000000001	-0.538429998098638
1.391	-0.5394429100997287
1.3920000000000001	-0.5404568291233702
1.393	-0.541471755225923
1.3940000000000001	-0.5424876884636309
1.395	-0.5435046288926191
1.3960000000000001	-0.5445225765688972
1.397	-0.5455415315483565
1.3980000000000001	-0.5465614938867741
1.399	-0.5475824636398104
1.4000000000000001	-0.5486044408630097
1.401	-0.5496274256118003
1.4020000000000001	-0.5506514179414975
1.403	-0.5516764179073005
1.4040000000000001	-0.5527024255642947
1.405	-0.5537294409674511
1.4060000000000001	-0.5547574641716271
1.407	-0.5557864952315661
1.4080000000000001	-0.5568165342018998
1.409	-0.5578475811371457
1.4100000000000001	-0.5588796360917095
1.411	-0.5599126991198837
1.4120000000000001	-0.560946770275851
1.413	-0.5619818496136805
1.4140000000000001	-0.5630179371873311
1.415	-0.5640550330506496
1.4160000000000001	-0.5650931372573735
1.417	-0.566132249861129
1.418	-0.5671723709154319
1.419	-0.5682135004736903
1.42	-0.5692556385892005
1.421	-0.5702987853151503
1.422	-0.5713429407046183
1.423	-0.5723881048105766
1.424	-0.5734342776858852
1.425	-0.574481459383299
1.426	-0.5755296499554654
1.427	-0.5765788494549225
1.428	-0.5776290579341019
1.429	-0.5786802754453294
1.43	-0.5797325020408225
1.431	-0.5807857377726944
1.432	-0.5818399826929499
1.433	-0.5828952368534905
1.434	-0.5839515003061109
1.435	-0.5850087731025008
1.436	-0.5860670552942455
1.437	-0.5871263469328254
1.438	-0.5881866480696164
1.439	-0.5892479587558915
1.44	-0.5903102790428177
1.441	-0.591373608981461
1.442	-0.5924379486227821
1.443	-0.5935032980176413
1.444	-0.5945696572167937
1.445	-0.5956370262708941
1.446	-0.5967054052304938
1.447	-0.5977747941460426
1.448	-0.5988451930678886
1.449	-0.5999166020462798
1.45	-0.6009890211313612
1.451	-0.6020624503731801
1.452	-0.603136889821679
1.453	-0.6042123395267042
1.454	-0.6052887995380009
1.455	-0.6063662699052127
1.456	-0.607444750677886
1.457	-0.608524241905468
1.458	-0.6096047436373062
1.459	-0.6106862559226487
1.46	-0.6117687788106477
1.461	-0.6128523123503541
1.462	-0.613936856590724
1.463	-0.6150224115806144
1.464	-0.616108977368785
1.465	-0.6171965540038986
1.466	-0.6182851415345212
1.467	-0.6193747400091222
1.468	-0.6204653494760743
1.469	-0.6215569699836557
1.47	-0.6226496015800469
1.471	-0.6237432443133339
1.472	-0.6248378982315064
1.473	-0.6259335633824618
1.474	-0.6270302398139985
1.475	-0.6281279275738233
1.476	-0.6292266267095482
1.477	-0.6303263372686906
1.478	-0.6314270592986745
1.479	-0.6325287928468303
1.48	-0.6336315379603943
1.481	-0.6347352946865119
1.482	-0.635840063072233
1.483	-0.6369458431645164
1.484	-0.6380526350102279
1.485	-0.6391604386561417
1.486	-0.6402692541489408
1.487	-0.6413790815352147
1.488	-0.6424899208614625
1.489	-0.6436017721740925
1.49	-0.6447146355194221
1.491	-0.6458285109436768
1.492	-0.6469433984929931
1.493	-0.6480592982134168
1.494	-0.6491762101509032
1.495	-0.6502941343513184
1.496	-0.6514130708604386
1.497	-0.6525330197239514
1.498	-0.6536539809874543
1.499	-0.6547759546964572
1.5	-0.65589894089638
1.5010000000000001	-0.6570229396325558
1.502	-0.6581479509502277
1.5030000000000001	-0.6592739748945535
1.504	-0.6604010115105999
1.5050000000000001	-0.6615290608433495
1.506	-0.6626581229376945
1.5070000000000001	-0.663788197838443
1.508	-0.6649192855903154
1.5090000000000001	-0.666051386237943
1.51	-0.667184499825875
1.5110000000000001	-0.6683186263985723
1.512	-0.6694537660004077
1.5130000000000001	-0.6705899186756735
1.514	-0.6717270844685707
1.5150000000000001	-0.6728652634232204
1.516	-0.674004455583655
1.5170000000000001	-0.6751446609938233
1.518	-0.6762858796975891
1.5190000000000001	-0.6774281117387337
1.52	-0.6785713571609516
1.5210000000000001	-0.6797156160078542
1.522	-0.6808608883229701
1.5230000000000001	-0.6820071741497432
1.524	-0.6831544735315346
1.5250000000000001	-0.6843027865116226
1.526	-0.6854521131332021
1.5270000000000001	-0.6866024534393858
1.528	-0.6877538074732029
1.5290000000000001	-0.6889061752776011
1.53	-0.690059556895447
1.5310000000000001	-0.6912139523695231
1.532	-0.6923693617425316
1.5330000000000001	-0.6935257850570936
1.534	-0.694683222355749
1.5350000000000001	-0.6958416736809551
1.536	-0.6970011390750899
1.5370000000000001	-0.6981616185804503
1.538	-0.6993231122392527
1.5390000000000001	-0.700485620093634
1.54	-0.7016491421856492
1.5410000000000001	-0.7028136785572761
1.542	-0.7039792292504108
1.5430000000000001	-0.7051457943068712
1.544	-0.7063133737683951
1.5450000000000002	-0.7074819676766415
1.546	-0.7086515760731917
1.547	-0.7098221989995459
1.548	-0.7109938364971294
1.549	-0.7121664886072859
1.55	-0.713340155371283
1.551	-0.71451483683031
1.552	-0.7156905330254787
1.553	-0.7168672439978224
1.554	-0.718044969788299
1.555	-0.7192237104377873
1.556	-0.7204034659870917
1.557	-0.7215842364769375
1.558	-0.7227660219479743
1.559	-0.7239488224407763
1.56	-0.7251326379958403
1.561	-0.726317468653588
1.562	-0.727503314454366
1.563	-0.7286901754384428
1.564	-0.7298780516460146
1.565	-0.7310669431172008
1.566	-0.7322568498920451
1.567	-0.7334477720105189
1.568	-0.7346397095125169
1.569	-0.7358326624378592
1.57	-0.7370266308262932
1.571	-0.7382216147174916
1.572	-0.7394176141510527
1.573	-0.7406146291665014
1.574	-0.7418126598032893
1.575	-0.7430117061007944
1.576	-0.7442117680983216
1.577	-0.7454128458351034
1.578	-0.7466149393502988
1.579	-0.7478180486829938
1.58	-0.7490221738722029
1.581	-0.7502273149568682
1.582	-0.7514334719758596
1.583	-0.7526406449679741
1.584	-0.753848833971939
1.585	-0.7550580390264078
1.586	-0.7562682601699648
1.587	-0.7574794974411218
1.588	-0.7586917508783184
1.589	-0.7599050205199265
1.59	-0.7611193064042454
1.591	-0.7623346085695031
1.592	-0.7635509270538591
1.593	-0.7647682618954009
1.594	-0.7659866131321471
1.595	-0.7672059808020474
1.596	-0.7684263649429798
1.597	-0.769647765592754
1.598	-0.7708701827891099
1.599	-0.7720936165697186
1.6	-0.7733180669721827
1.601	-0.7745435340340339
1.602	-0.7757700177927386
1.603	-0.7769975182856913
1.604	-0.7782260355502214
1.605	-0.7794555696235862
1.606	-0.780686120542979
1.607	-0.7819176883455234
1.608	-0.7831502730682753
1.609	-0.7843838747482235
1.61	-0.7856184934222887
1.611	-0.7868541291273256
1.612	-0.7880907819001212
1.613	-0.7893284517773953
1.614	-0.7905671387958024
1.615	-0.7918068429919284
1.616	-0.7930475644022952
1.617	-0.7942893030633563
1.618	-0.7955320590115005
1.619	-0.7967758322830504
1.62	-0.7980206229142633
1.621	-0.799266430941329
1.622	-0.8005132564003746
1.623	-0.8017610993274599
1.624	-0.8030099597585814
1.625	-0.8042598377296674
1.6260000000000001	-0.8055107332765865
1.627	-0.8067626464351376
1.6280000000000001	-0.808015577241059
1.629	-0.809269525730021
1.6300000000000001	-0.8105244919376323
1.631	-0.8117804758994382
1.6320000000000001	-0.8130374776509182
1.633	-0.8142954972274878
1.6340000000000001	-0.8155545346645012
1.635	-0.8168145899972467
1.6360000000000001	-0.8180756632609516
1.637	-0.819337754490779
1.6380000000000001	-0.8206008637218278
1.639	-0.8218649909891366
1.6400000000000001	-0.8231301363276796
1.641	-0.8243962997723684
1.6420000000000001	-0.8256634813580531
1.643	-0.8269316811195219
1.6440000000000001	-0.8282008990914991
1.645	-0.8294711353086495
1.6460000000000001	-0.8307423898055737
1.647	-0.8320146626168119
1.6480000000000001	-0.8332879537768434
1.649	-0.8345622633200848
1.6500000000000001	-0.835837591280893
1.651	-0.8371139376935619
1.6520000000000001	-0.8383913025923273
1.653	-0.8396696860113602
1.6540000000000001	-0.8409490879847752
1.655	-0.8422295085466228
1.6560000000000001	-0.8435109477308965
1.657	-0.8447934055715269
1.6580000000000001	-0.8460768821023866
1.659	-0.8473613773572857
1.6600000000000001	-0.8486468913699781
1.661	-0.8499334241741534
1.6620000000000001	-0.8512209758034474
1.663	-0.852509546291431
1.6640000000000001	-0.8537991356716206
1.665	-0.8550897439774694
1.6660000000000001	-0.8563813712423737
1.667	-0.8576740174996719
1.6680000000000001	-0.8589676827826419
1.669	-0.8602623671245039
1.6700000000000002	-0.8615580705584203
1.671	-0.862854793117493
1.6720000000000002	-0.8641525348347693
1.673	-0.8654512957432354
1.6740000000000002	-0.8667510758758211
1.675	-0.8680518752653971
1.676	-0.8693536939447796
1.677	-0.870656531946724
1.678	-0.8719603893039302
1.679	-0.8732652660490402
1.68	-0.8745711622146392
1.681	-0.8758780778332552
1.682	-0.87718601293736
1.683	-0.8784949675593686
1.684	-0.8798049417316386
1.685	-0.8811159354864725
1.686	-0.8824279488561151
1.687	-0.8837409818727568
1.688	-0.8850550345685304
1.689	-0.8863701069755147
1.69	-0.8876861991257294
1.691	-0.8890033110511428
1.692	-0.8903214427836637
1.693	-0.891640594355149
1.694	-0.8929607657973978
1.695	-0.894281957142156
1.696	-0.8956041684211128
1.697	-0.8969273996659035
1.698	-0.8982516509081092
1.699	-0.8995769221792549
1.7	-0.9009032135108116
1.701	-0.9022305249341973
1.702	-0.9035588564807748
1.703	-0.904888208181852
1.704	-0.9062185800686832
1.705	-0.9075499721724696
1.706	-0.9088823845243584
1.707	-0.9102158171554433
1.708	-0.9115502700967638
1.709	-0.9128857433793066
1.71	-0.9142222370340042
1.711	-0.9155597510917378
1.712	-0.9168982855833344
1.713	-0.9182378405395681
1.714	-0.9195784159911601
1.715	-0.9209200119687803
1.716	-0.9222626285030433
1.717	-0.9236062656245149
1.718	-0.9249509233637052
1.719	-0.9262966017510743
1.72	-0.9276433008170296
1.721	-0.9289910205919267
1.722	-0.9303397611060685
1.723	-0.9316895223897081
1.724	-0.9330403044730449
1.725	-0.9343921073862281
1.726	-0.9357449311593553
1.727	-0.9370987758224729
1.728	-0.9384536414055765
1.729	-0.9398095279386095
1.73	-0.9411664354514649
1.731	-0.9425243639739866
1.732	-0.9438833135359653
1.733	-0.9452432841671421
1.734	-0.9466042758972097
1.735	-0.9479662887558064
1.736	-0.9493293227725237
1.737	-0.9506933779769021
1.738	-0.952058454398431
1.739	-0.9534245520665521
1.74	-0.9547916710106545
1.741	-0.9561598112600803
1.742	-0.9575289728441209
1.743	-0.9588991557920172
1.744	-0.9602703601329636
1.745	-0.9616425858961027
1.746	-0.9630158331105291
1.747	-0.9643901018052886
1.748	-0.9657653920093768
1.749	-0.967141703751743
1.75	-0.9685190370612853
1.7510000000000001	-0.9698973919668541
1.752	-0.9712767684972526
1.7530000000000001	-0.9726571666812341
1.754	-0.9740385865475034
1.7550000000000001	-0.9754210281247195
1.756	-0.9768044914414914
1.7570000000000001	-0.9781889765263796
1.758	-0.9795744834078993
1.7590000000000001	-0.980961012114516
1.76	-0.9823485626746484
1.7610000000000001	-0.9837371351166675
1.762	-0.9851267294688967
1.7630000000000001	-0.9865173457596131
1.764	-0.9879089840170441
1.7650000000000001	-0.989301644269374
1.766	-0.9906953265447369
1.7670000000000001	-0.9920900308712222
1.768	-0.9934857572768699
1.7690000000000001	-0.9948825057896761
1.77	-0.9962802764375885
1.7710000000000001	-0.99767906924851
1.772	-0.9990788842502947
1.7730000000000001	-1.0004797214707541
1.774	-1.00188158093765
1.7750000000000001	-1.0032844626787
1.776	-1.004688366721575
1.7770000000000001	-1.0060932930939008
1.778	-1.007499241823257
1.7790000000000001	-1.008906212937179
1.78	-1.0103142064631534
1.7810000000000001	-1.0117232224286234
1.782	-1.0131332608609886
1.7830000000000001	-1.0145443217876007
1.784	-1.0159564052357666
1.7850000000000001	-1.0173695112327492
1.786	-1.0187836398057657
1.7870000000000001	-1.0201987909819885
1.788	-1.0216149647885464
1.7890000000000001	-1.0230321612525222
1.79	-1.0244503804009546
1.7910000000000001	-1.0258696222608379
1.792	-1.0272898868591216
1.7930000000000001	-1.0287111742227113
1.794	-1.0301334843784702
1.7950000000000002	-1.0315568173532137
1.796	-1.0329811731737166
1.7970000000000002	-1.0344065518667074
1.798	-1.0358329534588726
1.7990000000000002	-1.037260377976854
1.8	-1.0386888254472504
1.8010000000000002	-1.040118295896617
1.802	-1.0415487893514652
1.803	-1.0429803058382632
1.804	-1.0444128453834383
1.805	-1.0458464080133685
1.806	-1.0472809937543968
1.807	-1.0487166026328165
1.808	-1.050153234674883
1.809	-1.0515908899068047
1.81	-1.053029568354752
1.811	-1.0544692700448475
1.812	-1.055909995003176
1.813	-1.057351743255778
1.814	-1.0587945148286502
1.815	-1.0602383097477497
1.816	-1.06168312803899
1.817	-1.0631289697282436
1.818	-1.064575834841339
1.819	-1.0660237234040664
1.82	-1.067472635442172
1.821	-1.0689225709813586
1.822	-1.0703735300472903
1.823	-1.0718255126655896
1.824	-1.0732785188618361
1.825	-1.0747325486615689
1.826	-1.0761876020902863
1.827	-1.077643679173444
1.828	-1.0791007799364594
1.829	-1.0805589044047048
1.83	-1.0820180526035166
1.831	-1.083478224558186
1.832	-1.0849394202939673
1.833	-1.08640163983607
1.834	-1.0878648832096662
1.835	-1.0893291504398883
1.836	-1.0907944415518254
1.837	-1.0922607565705285
1.838	-1.093728095521007
1.839	-1.0951964584282319
1.84	-1.0966658453171332
1.841	-1.0981362562125996
1.842	-1.099607691139483
1.843	-1.1010801501225942
1.844	-1.102553633186703
1.845	-1.1040281403565415
1.846	-1.1055036716568014
1.847	-1.1069802271121345
1.848	-1.1084578067471555
1.849	-1.1099364105864373
1.85	-1.111416038654515
1.851	-1.112896690975884
1.852	-1.114378367575001
1.853	-1.1158610684762849
1.854	-1.117344793704113
1.855	-1.1188295432828275
1.856	-1.120315317236728
1.857	-1.1218021155900781
1.858	-1.1232899383671033
1.859	-1.1247787855919886
1.86	-1.1262686572888836
1.861	-1.127759553481895
1.862	-1.1292514741950954
1.863	-1.130744419452518
1.864	-1.1322383892781591
1.865	-1.1337333836959738
1.866	-1.1352294027298835
1.867	-1.1367264464037694
1.868	-1.1382245147414756
1.869	-1.139723607766807
1.87	-1.141223725503534
1.871	-1.142724867975387
1.872	-1.1442270352060613
1.873	-1.1457302272192105
1.874	-1.1472344440384579
1.875	-1.148739685687383
1.8760000000000001	-1.150245952189533
1.877	-1.1517532435684144
1.8780000000000001	-1.1532615598474991
1.879	-1.1547709010502216
1.8800000000000001	-1.156281267199981
1.881	-1.1577926583201348
1.8820000000000001	-1.1593050744340103
1.883	-1.1608185155648942
1.8840000000000001	-1.1623329817360397
1.885	-1.1638484729706586
1.8860000000000001	-1.1653649892919329
1.887	-1.1668825307230026
1.8880000000000001	-1.1684010972869758
1.889	-1.1699206890069205
1.8900000000000001	-1.1714413059058741
1.891	-1.1729629480068322
1.8920000000000001	-1.1744856153327594
1.893	-1.1760093079065799
1.8940000000000001	-1.1775340257511866
1.895	-1.1790597688894335
1.8960000000000001	-1.1805865373441418
1.897	-1.1821143311380937
1.8980000000000001	-1.1836431502940403
1.899	-1.1851729948346934
1.9000000000000001	-1.1867038647827328
1.901	-1.1882357601608005
1.9020000000000001	-1.1897686809915042
1.903	-1.1913026272974168
1.9040000000000001	-1.1928375991010776
1.905	-1.1943735964249873
1.9060000000000001	-1.1959106192916154
1.907	-1.1974486677233966
1.9080000000000001	-1.1989877417427264
1.909	-1.2005278413719707
1.9100000000000001	-1.202068966633459
1.911	-1.2036111175494868
1.9120000000000001	-1.2051542941423132
1.913	-1.2066984964341656
1.9140000000000001	-1.2082437244472357
1.915	-1.2097899782036818
1.9160000000000001	-1.2113372577256265
1.917	-1.2128855630351592
1.9180000000000001	-1.214434894154338
1.919	-1.2159852511051812
1.9200000000000002	-1.2175366339096798
1.921	-1.2190890425897858
1.9220000000000002	-1.22064247716742
1.923	-1.2221969376644697
1.9240000000000002	-1.2237524241027877
1.925	-1.2253089365041934
1.9260000000000002	-1.226866474890473
1.927	-1.228425039283378
1.9280000000000002	-1.2299846297046315
1.929	-1.2315452461759178
1.93	-1.2331068887188887
1.931	-1.2346695573551651
1.932	-1.2362332521063357
1.933	-1.2377979729939528
1.934	-1.2393637200395362
1.935	-1.2409304932645782
1.936	-1.2424982926905286
1.937	-1.2440671183388168
1.938	-1.2456369702308276
1.939	-1.2472078483879212
1.94	-1.2487797528314213
1.941	-1.2503526835826206
1.942	-1.2519266406627825
1.943	-1.253501624093131
1.944	-1.2550776338948637
1.945	-1.2566546700891428
1.946	-1.2582327326971021
1.947	-1.2598118217398393
1.948	-1.2613919372384224
1.949	-1.2629730792138878
1.95	-1.2645552476872362
1.951	-1.2661384426794433
1.952	-1.267722664211446
1.953	-1.269307912304153
1.954	-1.270894186978445
1.955	-1.2724814882551612
1.956	-1.2740698161551212
1.957	-1.2756591706991065
1.958	-1.277249551907864
1.959	-1.2788409598021162
1.96	-1.2804333944025534
1.961	-1.2820268557298309
1.962	-1.2836213438045752
1.963	-1.285216858647383
1.964	-1.286813400278816
1.965	-1.288410968719411
1.966	-1.2900095639896672
1.967	-1.291609186110059
1.968	-1.2932098351010253
1.969	-1.2948115109829803
1.97	-1.296414213776302
1.971	-1.2980179435013355
1.972	-1.2996227001784038
1.973	-1.3012284838277937
1.974	-1.302835294469767
1.975	-1.304443132124546
1.976	-1.3060519968123305
1.977	-1.307661888553288
1.978	-1.3092728073675552
1.979	-1.31088475327524
1.98	-1.312497726296418
1.981	-1.3141117264511395
1.982	-1.3157267537594166
1.983	-1.3173428082412417
1.984	-1.3189598899165695
1.985	-1.3205779988053274
1.986	-1.322197134927417
1.987	-1.3238172983027061
1.988	-1.3254384889510316
1.989	-1.3270607068922065
1.99	-1.3286839521460072
1.991	-1.3303082247321878
1.992	-1.3319335246704682
1.993	-1.3335598519805423
1.994	-1.3351872066820727
1.995	-1.336815588794693
1.996	-1.3384449983380096
1.997	-1.3400754353315956
1.998	-1.3417068997950012
1.999	-1.3433393917477452
2.	-1.3449729112093138