0.	0.0015696190634834387
0.0015696184189706993	0.0015696171299453383
0.0031392329708667672	0.0015696113293357677
0.0047088397886230985	0.0015696016616690343
0.006278435005193645	0.001569588126968958
0.007848014753560938	0.0015695707252688959
0.009417575166745617	0.0015695494566116744
0.010987112377815963	0.0015695243210497414
0.012556622519897413	0.001569495318645012
0.0141261017261821	0.0015694624494689156
0.01569554612993837	0.001569425713602475
0.017264951864520314	0.0015693851111361612
0.018834315063377294	0.001569340642169997
0.020403631860063456	0.0015692923068135669
0.021972898388247286	0.0015692401051859684
0.023542110781721106	0.001569184037415765
0.025111265174410605	0.0015691241036411402
0.026680357700384377	0.0015690603040097297
0.02824938449386344	0.0015689926386787023
0.029818341689230744	0.0015689211078148164
0.03138722542104072	0.0015688457115942231
0.03295603182402879	0.0015687664502027489
0.034524757033120884	0.0015686833238356208
0.03609339718344298	0.0015685963326976533
0.03766194841033061	0.001568505477003194
0.03923040684933839	0.0015684107569760583
0.040798768636249524	0.0015683121728496086
0.04236702990708535	0.0015682097248667262
0.04393518679811487	0.001568103413279833
0.045503235445864196	0.0015679932383508165
0.04707117198712616	0.0015678792003511201
0.04863899255896978	0.0015677612995617343
0.050206693298749785	0.0015676395362731012
0.05177427034411613	0.0015675139107852213
0.053341719833023535	0.0015673844234075766
0.05490903790374096	0.0015672510744592202
0.056476220694861155	0.001567113864268688
0.058043264345310146	0.0015669727931739627
0.05961016499435678	0.0015668278615226653
0.061176918781622194	0.0015666790696718402
0.06274352184708937	0.0015665264179880586
0.0643099703311126	0.0015663699068474216
0.06587626037442705	0.001566209536635552
0.0674423881181582	0.0015660453077475088
0.06900834970383142	0.0015658772205879108
0.07057414127338144	0.0015657052755708814
0.07213975896916183	0.0015655294731200461
0.07370519893395457	0.0015653498136685598
0.07527045731097949	0.0015651662976589938
0.07683553024390383	0.0015649789255435262
0.07840041387685166	0.0015647876977837405
0.0799651043544135	0.001564592614850786
0.08152959782165564	0.001564393677225319
0.08309389042412987	0.0015641908853973982
0.08465797830788278	0.001563984239866722
0.08622185761946533	0.0015637737411423411
0.08778552450594233	0.001563559389742893
0.08934897511490199	0.0015633411861964528
0.0909122055944653	0.0015631191310406065
0.09247521209329568	0.001562893224822475
0.09403799076060824	0.0015626634680985818
0.09560053774617952	0.0015624298614349912
0.09716284920035678	0.0015621924054072748
0.09872492127406758	0.0015619511006004032
0.10028675011882927	0.0015617059476088922
0.1018483318867584	0.0015614569470367558
0.10340966273058028	0.0015612040994974073
0.10497073880363839	0.001560947405613836
0.10653155625990392	0.0015606868660184294
0.10809211125398518	0.0015604224813531044
0.10965239994113717	0.0015601542522692058
0.11121241847727092	0.0015598821794275827
0.11277216301896309	0.0015596062634985353
0.11433162972346535	0.0015593265051618433
0.11589081474871386	0.0015590429051067355
0.1174497142533388	0.0015587554640319264
0.11900832439667376	0.0015584641826455895
0.12056664133876525	0.0015581690616653673
0.12212466124038211	0.0015578701018183054
0.12368238026302503	0.0015575673038410185
0.12523979456893597	0.0015572606684794623
0.1267969003211076	0.0015569501964890961
0.1283536936832928	0.0015566358886348586
0.12991017082001405	0.0015563177456911132
0.131466327896573	0.001555995768441626
0.13302216107905973	0.0015556699576796797
0.13457766653436237	0.0015553403142080108
0.13613284043017645	0.0015550068388387032
0.13768767893501432	0.0015546695323933677
0.13924217821821475	0.0015543283957030263
0.1407963344499521	0.0015539834296081523
0.14235014380124605	0.0015536346349586234
0.1439036024439708	0.0015532820126137568
0.14545670655086462	0.0015529255634423266
0.14700945229553922	0.0015525652883225168
0.1485618358524893	0.0015522011881419324
0.15011385339710176	0.0015518332637976134
0.15166550110566535	0.0015514615161960337
0.15321677515537993	0.0015510859462530208
0.15476767172436592	0.001550706554893912
0.15631818699167385	0.0015503233430533957
0.15786831713729352	0.0015499363116756
0.1594180583421637	0.0015495454617140637
0.16096740678818125	0.0015491507941316758
0.16251635865821082	0.0015487523099008596
0.16406491013609395	0.0015483500100033007
0.1656130574066588	0.0015479438954301673
0.1671607966557292	0.0015475339671820055
0.16870812407013433	0.001547120226268763
0.17025503583771803	0.0015467026737097575
0.17180152814734811	0.0015462813105337411
0.17334759718892578	0.0015458561377787979
0.17489323915339514	0.0015454271564924547
0.17643845023275243	0.001544994367731568
0.17798322662005545	0.0015445577725624242
0.17952756450943297	0.001544117372060654
0.1810714600960941	0.0015436731673112718
0.1826149095763377	0.0015432251594086745
0.18415790914756153	0.001542773349456596
0.18570045500827204	0.0015423177385681926
0.18724254335809326	0.0015418583278659591
0.18878417039777654	0.0015413951184817373
0.19032533232920967	0.0015409281115567072
0.19186602535542643	0.0015404573082414587
0.19340624568061576	0.0015399827096959373
0.1949459895101312	0.0015395043170893766
0.19648525305050027	0.0015390221316004084
0.19802403250943376	0.0015385361544169825
0.1995623240958351	0.0015380463867364334
0.20110012401980967	0.001537552829765373
0.20263742849267424	0.0015370554847197763
0.20417423372696608	0.001536554352824983
0.20571053593645258	0.0015360494353156295
0.20724633133614037	0.0015355407334356635
0.2087816161422847	0.001535028248438381
0.21031638657239876	0.0015345119815863854
0.2118506388452631	0.0015339919341516063
0.21338436918093473	0.0015334681074153278
0.21491757380075668	0.0015329405026680686
0.21645024892736708	0.0015324091212096796
0.21798239078470866	0.0015318739643493582
0.2195139955980379	0.0015313350334055559
0.22104505959393442	0.0015307923297060207
0.22257557900031028	0.0015302458545878425
0.22410555004641922	0.001529695609397345
0.225634968962866	0.0015291415954902024
0.22716383198161563	0.001528583814231347
0.22869213533600274	0.0015280222669949422
0.23021987526074075	0.0015274569551644896
0.23174704799193122	0.0015268878801327802
0.2332736497670731	0.0015263150433018219
0.23479967682507208	0.001525738446082905
0.2363251254062497	0.0015251580898965834
0.23784999175235266	0.0015245739761727654
0.23937427210656226	0.001523986106350412
0.24089796271350336	0.0015233944818779576
0.24242105981925388	0.0015227991042129443
0.24394355967135392	0.0015221999748222038
0.24546545851881502	0.0015215970951818487
0.2469867526121294	0.0015209904667771604
0.2485074382032793	0.0015203800911027165
0.2500275115457461	0.0015197659696622795
0.25154696889451944	0.0015191481039688725
0.2530658065061068	0.0015185264955447381
0.2545840206385424	0.0015179011459213211
0.2561016075513965	0.0015172720566393085
0.25761856350578466	0.001516639229248588
0.259134884764377	0.0015160026653082683
0.2606505675914073	0.0015153623663866243
0.26216560825268226	0.0015147183340612168
0.26368000301559064	0.001514070569918685
0.26519374814911245	0.0015134190755549631
0.26670683992382843	0.0015127638525751605
0.26821927461192874	0.0015121049025935114
0.26973104848722257	0.0015114422272335093
0.2712421578251471	0.0015107758281277495
0.27275259890277664	0.0015101057069180645
0.27426236799883214	0.0015094318652554481
0.2757714613936899	0.001508754304800027
0.2772798753693909	0.0015080730272211153
0.2787876062096503	0.0015073880341971687
0.2802946501998661	0.0015066993274158252
0.28180100362712834	0.0015060069085738404
0.28330666278022876	0.001505310779377151
0.28481162394966936	0.001504610941540782
0.2863158834276717	0.0015039073967889544
0.28781943750818645	0.001503200146854966
0.28932228248690167	0.0015024891934812801
0.29082441466125286	0.0015017745384195028
0.29232583033043147	0.0015010561834302913
0.29382652579539414	0.0015003341302834829
0.2953264973588721	0.0014996083807579915
0.29682574132537987	0.0014988789366418593
0.2983242540012246	0.0014981457997322303
0.2998220316945151	0.0014974089718353155
0.3013190707151711	0.0014966684547664455
0.3028153673749321	0.0014959242503500398
0.3043109179873664	0.0014951763604195726
0.30580571886788066	0.0014944247868176681
0.3072997663337284	0.0014936695313959615
0.30879305670401946	0.001492910596015162
0.31028558629972885	0.0014921479825450914
0.31177735144370605	0.0014913816928645652
0.31326834846068374	0.001490611728861515
0.31475857367728716	0.0014898380924329318
0.316248023422043	0.0014890607854847685
0.31773669402538846	0.001488279809932123
0.3192245818196804	0.0014874951676990783
0.3207116831392041	0.0014867068607187501
0.3221979943201827	0.0014859148909332975
0.32368351170078596	0.001485119260293892
0.3251682316211392	0.0014843199707607608
0.32665215042333257	0.0014835170243030888
0.3281352644514299	0.0014827104228991139
0.3296175700514776	0.0014819001685360263
0.3310990635715142	0.0014810862632101142
0.3325797413615786	0.0014802687089265527
0.3340595997737194	0.0014794475076995639
0.3355386351620042	0.0014786226615523341
0.337016843882528	0.001477794172517083
0.33849422229342263	0.0014769620426349067
0.3399707667548655	0.0014761262739559516
0.3414464736290886	0.0014752868685393207
0.3429213392803875	0.0014744438284530431
0.34439536007513033	0.0014735971557741125
0.3458685323817667	0.0014727468525884684
0.34734085257083663	0.0014718929209910428
0.3488123170149794	0.0014710353630856617
0.3502829220889428	0.001470174180985104
0.3517526641695916	0.0014693093768109848
0.35322153963591707	0.0014684409526940364
0.35468954486904514	0.0014675689107737184
0.35615667625224606	0.0014666932531985292
0.35762293017094293	0.0014658139821258046
0.3590883030127206	0.0014649310997218374
0.3605527911673345	0.0014640446081617617
0.36201639102672	0.0014631545096296507
0.3634790989850007	0.0014622608063184165
0.3649409114384976	0.001461363500429866
0.36640182478573813	0.0014604625941747845
0.3678618354274647	0.0014595580897726257
0.36932093976664376	0.00145864998945187
0.37077913420847464	0.0014577382954498298
0.3722364151603983	0.001456823010012631
0.3736927790321064	0.0014559041353952283
0.3751482222355499	0.0014549816738615312
0.37660274118494813	0.001454055627684148
0.37805633229679736	0.001453125999144595
0.37950899198988	0.0014521927905332436
0.38096071668527287	0.001451256004149183
0.38241150280635666	0.0014503156423004034
0.3838613467788243	0.0014493717073036682
0.38531024503068984	0.0014484242014845912
0.3867581939922974	0.0014474731271775143
0.3882051900963298	0.0014465184867256031
0.3896512297778176	0.0014455602824807936
0.3910963094741473	0.001444598516803875
0.392540425625071	0.0014436331920642934
0.39398357467271433	0.0014426643106403322
0.3954257530615858	0.0014416918749190568
0.39686695723858517	0.001440715887296241
0.39830718365301254	0.0014397363501764157
0.39974642875657673	0.001438753265972919
0.40118468900340437	0.0014377666371077258
0.4026219608500484	0.0014367764660116074
0.40405824075549707	0.001435782755124072
0.40549352518118215	0.001434785506893326
0.4069278105909882	0.0014337847237762748
0.40836109345126104	0.001432780408238574
0.4097933702308165	0.00143177256275453
0.41122463740094894	0.0014307611898072194
0.4126548914354403	0.0014297462918883314
0.41408412881056844	0.001428727871498283
0.4155123460051161	0.0014277059311461407
0.4169395395003792	0.0014266804733497145
0.41836570578017607	0.001425651500635366
0.4197908413308556	0.001424619015538229
0.42121494264130604	0.0014235830206019919
0.42263800620296393	0.001422543518379083
0.4240600285098222	0.0014215005114305045
0.42548100605843947	0.0014204540023259275
0.4269009353479481	0.001419403993643648
0.42831981288006316	0.0014183504879705592
0.42973763515909075	0.0014172934879021853
0.43115439869193706	0.0014162329960426899
0.4325700999881166	0.0014151690150048016
0.43398473555976086	0.0014141015474097973
0.43539830192162704	0.0014130305958876543
0.4368107955911065	0.0014119561630769116
0.4382222130882335	0.001410878251624546
0.4396325509356936	0.0014097968641863237
0.4410418056588322	0.00140871200342641
0.44244997378566336	0.001407623672017604
0.4438570518468781	0.0014065318726411865
0.44526303637585307	0.0014054366079870666
0.44666792390865906	0.0014043378807536736
0.4480717109840695	0.0014032356936478968
0.4494743941435691	0.0014021300493851834
0.45087596993136214	0.0014010209506895757
0.45227643489438135	0.0013999084002935466
0.453675785582296	0.001398792400938038
0.4550740185475207	0.0013976729553726067
0.4564711303452238	0.001396550066355207
0.45786711753333587	0.0013954237366523192
0.45926197667255814	0.0013942939690388561
0.46065570432637115	0.0013931607662982762
0.4620482970610429	0.0013920241312223994
0.46343975144563754	0.001390884066611606
0.46483006405202393	0.0013897405752746484
0.46621923145488375	0.0013885936600287687
0.4676072502317203	0.0013874433236996033
0.4689941169628665	0.0013862895691212588
0.4703798282314938	0.0013851323991362406
0.47176438062362036	0.0013839718165954548
0.4731477707281192	0.001382807824358291
0.4745299951367273	0.0013816404252924004
0.47591105044405313	0.001380469622273963
0.47729093324758576	0.0013792954181874983
0.4786696401477029	0.0013781178159258372
0.4800471677476794	0.001376936818390291
0.4814235126536954	0.0013757524284904745
0.48279867147484484	0.0013745646491443789
0.48417264082314404	0.001373373483278372
0.48554541731353973	0.0013721789338270402
0.4869169975639173	0.0013709810037334715
0.4882873781951096	0.0013697796959490198
0.48965655583090484	0.0013685750134333093
0.49102452709805505	0.0013673669591543452
0.49239128862628445	0.0013661555360884037
0.49375683704829765	0.0013649407472200753
0.49512116899978803	0.0013637225955422476
0.496484281119446	0.0013625010840561168
0.49784617004896714	0.001361276215771041
0.4992068324330609	0.0013600479937047934
0.5005662649194582	0.0013588164208833311
0.5019244641589204	0.0013575815003409048
0.5032814268052471	0.0013563432351199642
0.5046371495152844	0.0013551016282712424
0.5059916289489333	0.0013538566828537072
0.5073448617691578	0.0013526084019345008
0.5086968446419935	0.0013513567885890488
0.510047574236555	0.0013501018459009155
0.5113970472250449	0.0013488435769619528
0.5127452602827618	0.0013475819848721307
0.5140922100881082	0.00134631707273968
0.5154378933225989	0.0013450488436809007
0.5167823066708693	0.0013437773008203918
0.5181254468206833	0.001342502447290839
0.5194673104629415	0.0013412242862331101
0.5208078942916897	0.0013399428207961877
0.5221471950041265	0.0013386580541372472
0.5234852093006119	0.0013373699894215973
0.5248219338846751	0.0013360786298225852
0.526157365463023	0.001334783978521792
0.527491500745548	0.001333486038708847
0.5288243364453359	0.0013321848135814556
0.5301558692786745	0.0013308803063455
0.5314860959650618	0.0013295725202148335
0.5328150132272133	0.0013282614584115165
0.5341426177910706	0.001326947124165588
0.5354689063858096	0.0013256295207151921
0.5367938757438481	0.0013243086513064824
0.5381175226008544	0.0013229845191937294
0.5394398436957549	0.0013216571276391837
0.5407608357707422	0.0013203264799131397
0.5420804955712833	0.0013189925792939398
0.5433988198461277	0.0013176554290678885
0.5447158053473149	0.0013163150325293657
0.546031448830183	0.0013149713929806429
0.5473457470533762	0.001313624513732137
0.5486586967788534	0.0013122743981020901
0.5499702947718953	0.0013109210494168578
0.5512805378011133	0.001309564471010625
0.5525894226384569	0.0013082046662256219
0.5538969460592216	0.001306841638411994
0.5552031048420573	0.0013054753909278688
0.5565078957689757	0.0013041059271392407
0.5578113156253588	0.0013027332504200785
0.5591133611999662	0.0013013573641522547
0.5604140292849437	0.0012999782717255197
0.5617133166758301	0.0012985959765375778
0.5630112201715668	0.0012972104819940107
0.5643077365745041	0.0012958217915082118
0.5656028626904096	0.001294429908501563
0.5668965953284765	0.001293034836403194
0.568188931301331	0.001291636578650183
0.5694798674250402	0.001290235138687427
0.5707694005191201	0.001288830519967647
0.5720575274065433	0.0012874227259513646
0.5733442449137467	0.0012860117601070698
0.57462954987064	0.0012845976259108533
0.5759134391106124	0.0012831803268468194
0.5771959094705414	0.0012817598664067007
0.5784769577908002	0.001280336248090113
0.5797565809152653	0.0012789094754044419
0.5810347756913244	0.0012774795518648368
0.5823115389698845	0.0012760464809941827
0.5835868676053793	0.0012746102663231478
0.5848607584557768	0.0012731709113901612
0.5861332083825876	0.001271728419741343
0.5874042142508721	0.0012702827949305812
0.5886737729292485	0.0012688340405194326
0.5899418812899005	0.0012673821600772456
0.5912085362085849	0.001265927157180992
0.5924737345646394	0.0012644690354153903
0.5937374732409899	0.0012630077983727854
0.5949997491241592	0.0012615434496532642
0.5962605591042733	0.001260075992864536
0.5975199000750702	0.0012586054316219939
0.598777768933907	0.0012571317695486402
0.6000341625817673	0.0012556550102751742
0.6012890779232699	0.0012541751574398385
0.6025425118666751	0.0012526922146886197
0.603794461323893	0.0012512061856750154
0.6050449232104913	0.0012497170740601393
0.6062938944457024	0.0012482248835127654
0.6075413719524313	0.0012467296177091707
0.6087873526572631	0.0012452312803332562
0.6100318334904709	0.0012437298750765232
0.6112748113860221	0.0012422254056379132
0.6125162832815881	0.0012407178757240518
0.6137562461185498	0.0012392072890490347
0.6149946968420064	0.0012376936493345015
0.6162316324007819	0.00123617696030957
0.6174670497474342	0.0012346572257109758
0.6187009458382607	0.0012331344492828686
0.6199333176333072	0.0012316086347768874
0.6211641620963748	0.00123007978595224
0.6223934761950276	0.0012285479065755253
0.6236212569005998	0.0012270130004208416
0.6248475011882038	0.0012254750712697362
0.6260722060367367	0.0012239341229112498
0.6272953684288891	0.0012223901591417626
0.6285169853511512	0.0012208431837652043
0.6297370537938208	0.0012192932005928273
0.630955570751011	0.0012177402134433038
0.632172533220657	0.001216184226142803
0.633387938204524	0.0012146252425247808
0.6346017827082143	0.0012130632664301183
0.6358140637411748	0.0012114983017070366
0.637024778316704	0.0012099303522111714
0.6382339234519604	0.0012083594218054885
0.6394414961679684	0.0012067855143602813
0.6406474934896269	0.0012052086337531822
0.6418519124457158	0.0012036287838691803
0.6430547500689037	0.001202045968600547
0.6442560033957552	0.0012004601918468682
0.6454556694667379	0.0011988714575150393
0.6466537453262304	0.0011972797695192173
0.6478502280225288	0.0011956851317808464
0.6490451146078541	0.001194087548228662
0.65023840213836	0.001192487022798606
0.6514300876741397	0.0011908835594339287
0.6526201682792331	0.00118927716208507
0.6538086410216343	0.0011876678347097335
0.6549955029732986	0.0011860555812728151
0.65618075121015	0.0011844404057463958
0.657364382812088	0.0011828223121098551
0.658546394862995	0.0011812013043496583
0.6597267844507438	0.0011795773864594875
0.6609055486672043	0.0011779505624402154
0.6620826846082506	0.0011763208362998415
0.6632581893737686	0.0011746882120535018
0.664432060067663	0.0011730526937235527
0.6656042937978642	0.0011714142853393827
0.6667748876763357	0.0011697729909375758
0.6679438388190813	0.0011681288145617506
0.6691111443461515	0.0011664817602627102
0.6702768013816515	0.001164831832098312
0.6714408070537478	0.0011631790341334602
0.6726031584946754	0.0011615233704401597
0.6737638528407449	0.0011598648450974996
0.6749228872323494	0.0011582034621915951
0.6760802588139714	0.001156539225815587
0.6772359647341905	0.0011548721400696665
0.6783900021456897	0.0011532022090610186
0.6795423682052629	0.0011515294369038942
0.6806930600738217	0.0011498538277194784
0.6818420749164021	0.0011481753856359995
0.6829894099021723	0.0011464941147886316
0.6841350622044388	0.0011448100193195
0.6852790290006537	0.001143123103377773
0.686421307472422	0.001141433371119483
0.687561894805508	0.0011397408267075902
0.6887007881898426	0.001138045474312082
0.6898379848195298	0.0011363473181098024
0.6909734818928545	0.0011346463622844529
0.692107276612288	0.0011329426110267223
0.6932393661844962	0.0011312360685341563
0.694369747820346	0.001129526739011141
0.6954984187349121	0.001127814626668995
0.6966253761474837	0.0011260997357258353
0.6977506172815716	0.0011243820704066214
0.6988741393649154	0.001122661634943214
0.6999959396294895	0.0011209384335742103
0.7011160153115104	0.0011192124705451012
0.7022343636514436	0.0011174837501081586
0.7033509818940104	0.0011157522765224148
0.704465867288194	0.0011140180540536815
0.7055790170872476	0.001112281086974641
0.7066904285486996	0.0011105413795646092
0.7078000989343618	0.0011087989361097145
0.7089080255103349	0.0011070537609028325
0.7100142055470166	0.0011053058582435823
0.7111186363191068	0.0011035552324382175
0.7122213151056153	0.0011018018877998088
0.7133222391898685	0.001100045828648071
0.7144214058595156	0.001098287059309393
0.715518812406536	0.0010965255841168921
0.7166144561272447	0.001094761407410313
0.7177083343223006	0.001092994533536028
0.7188004442967119	0.0010912249668471486
0.7198907833598431	0.0010894527117033062
0.7209793488254223	0.0010876777724708527
0.7220661380115463	0.0010859001535226845
0.7231511482406888	0.0010841198592383737
0.7242343768397063	0.0010823368940039851
0.7253158211398442	0.001080551262212226
0.7263954784767446	0.0010787629682623995
0.7274733461904516	0.0010769720165602847
0.7285494216254185	0.0010751784115182966
0.7296237021305143	0.001073382157555321
0.7306961850590306	0.0010715832590968075
0.7317668677686867	0.001069781720574682
0.7328357476216382	0.0010679775464274735
0.7339028219844815	0.0010661707411000327
0.7349680882282619	0.0010643613090438623
0.7360315437284789	0.0010625492547168454
0.7370931858650933	0.001060734582583357
0.7381530120225337	0.001058917297114216
0.7392110195897023	0.0010570974027866301
0.740267205959982	0.001055274904084339
0.7413215685312426	0.0010534498054973922
0.7423741047058473	0.0010516221115223357
0.7434248118906588	0.0010497918266620285
0.744473687497046	0.0010479589554257486
0.7455207289408902	0.001046123502329191
0.7465659336425916	0.0010442854718943318
0.7476092990270754	0.001042444868649512
0.7486508225237988	0.0010406016971294832
0.7496905015667563	0.0010387559618752662
0.750728333594487	0.0010369076674341827
0.7517643160500802	0.001035056818359882
0.7527984463811822	0.001033203419212337
0.7538307220400025	0.001031347474557733
0.7548611404833194	0.001029488988968591
0.7558896991724876	0.0010276279670236857
0.7569163955734431	0.0010257644133079816
0.7579412271567104	0.0010238983324127764
0.758964191397408	0.0010220297289354914
0.7599852857752551	0.0010201586074798045
0.761004507774578	0.0010182849726556795
0.7620218548843156	0.001016408829079112
0.7630373245980261	0.0010145301813724113
0.7640509144138932	0.0010126490341640063
0.7650626218347317	0.0010107653920884752
0.7660724443679946	0.001008879259786542
0.7670803795257782	0.001006990641905109
0.7680864248248291	0.00100509954309715
0.76909057778655	0.0010032059680217553
0.7700928359370052	0.0010013099213441613
0.7710931968069279	0.0009994114077356707
0.7720916579317253	0.0009975104318736472
0.7730882168514851	0.0009956069984415057
0.7740828711109814	0.0009937011121287816
0.775075618259681	0.0009917927776310089
0.7760664558517489	0.000989881999649711
0.777055381446055	0.000987968782892557
0.7780423926061798	0.0009860531320730857
0.7790274869004202	0.0009841350519109134
0.7800106619017959	0.000982214547131594
0.7809919151880549	0.0009802916224667486
0.78197124434168	0.0009783662826538524
0.7829486469498943	0.0009764385324363355
0.7839241206046675	0.0009745083765636793
0.7848976629027216	0.0009725758197911446
0.7858692714455369	0.0009706408668800113
0.7868389438393578	0.0009687035225974499
0.787806677695199	0.0009667637917164558
0.7887724706288509	0.0009648216790160127
0.789736320260886	0.0009628771892808544
0.7906982242166645	0.0009609303273016465
0.79165818012634	0.0009589810978748888
0.7926161856248658	0.000957029505802897
0.7935722383520001	0.0009550755558938123
0.7945263359523124	0.0009531192529615879
0.7954784760751887	0.0009511606018259996
0.7964286563748383	0.0009491996073125444
0.7973768745102983	0.00094723627425254
0.7983231281454402	0.000945270607483083
0.7992674149489755	0.0009433026118469862
0.8002097325944614	0.0009413322921927774
0.8011500787603063	0.0009393596533747669
0.8020884511297762	0.0009373847002529498
0.8030248473909994	0.0009354074376930177
0.8039592652369733	0.0009334278705663693
0.8048917023655691	0.0009314460037500719
0.8058221564795378	0.0009294618421268796
0.8067506252865164	0.0009274753905851046
0.8076771064990331	0.0009254866540188639
0.8086015978345125	0.0009234956373277223
0.809524097015282	0.0009215023454170485
0.810444601768577	0.0009195067831976675
0.8113631098265466	0.0009175089555860712
0.812279618926259	0.0009155088675043189
0.8131941268097076	0.000913506523880003
0.8141066312238159	0.0009115019296463255
0.8150171299204433	0.0009094950897420431
0.8159256206563911	0.0009074860091113703
0.8168321011934071	0.0009054746927041013
0.817736569298192	0.0009034611454755189
0.8186390227424046	0.0009014453723864221
0.8195394593026668	0.0008994273784030491
0.8204378767605698	0.0008974071684971836
0.8213342729026794	0.0008953847476459893
0.8222286455205409	0.0008933601208321361
0.8231209924106853	0.0008913332930436609
0.8240113113746345	0.0008893042692741306
0.8248996002189061	0.0008872730545223998
0.8257858567550199	0.0008852396537928198
0.8266700787995023	0.0008832040720950679
0.8275522641738922	0.0008811663144441912
0.8284324107047464	0.0008791263858606749
0.8293105162236445	0.0008770842913702476
0.8301865785671949	0.0008750400360040708
0.8310605955770396	0.0008729936247985625
0.8319325650998595	0.0008709450627954725
0.8328024849873803	0.0008688943550418469
0.833670353096377	0.0008668415065900149
0.83453616728868	0.0008647865224975966
0.8353999254311796	0.0008627294078274831
0.8362616253958317	0.0008606701676477683
0.837121265059663	0.0008586088070318078
0.837978842304776	0.0008565453310582023
0.8388343550183548	0.0008544797448107263
0.8396878010926692	0.0008524120533784092
0.8405391784250812	0.0008503422618553523
0.8413884849180494	0.0008482703753409971
0.8422357184791343	0.0008461963989398231
0.8430808770210033	0.0008441203377614866
0.8439239584614363	0.0008420421969207859
0.8447649607233306	0.0008399619815376403
0.8456038817347058	0.000837879696737097
0.846440719428709	0.0008357953476492806
0.8472754717436203	0.0008337089394094313
0.8481081366228572	0.0008316204771578094
0.8489387120149804	0.0008295299660397876
0.8497671958736981	0.000827437411205774
0.8505935861578717	0.0008253428178111512
0.8514178808315204	0.0008232461910164369
0.8522400778638263	0.0008211475359870663
0.8530601752291397	0.0008190468578935198
0.8538781709069836	0.0008169441619112306
0.8546940628820593	0.0008148394532206384
0.8555078491442506	0.0008127327370070914
0.8563195276886292	0.0008106240184609532
0.8571290965154599	0.000808513302777439
0.857936553630205	0.0008064005951567557
0.8587418970435293	0.0008042859008039868
0.8595451247713055	0.0008021692249290861
0.8603462348346185	0.0008000505727469649
0.8611452252597702	0.0007979299494773148
0.8619420940782854	0.000795807360344717
0.8627368393269151	0.0007936828105786153
0.8635294590476428	0.0007915563054133219
0.8643199512876883	0.0007894278500878389
0.8651083140995129	0.0007872974498460777
0.8658945455408246	0.0007851651099366978
0.8666786436745816	0.0007830308356132058
0.8674606065689989	0.000780894632133737
0.8682404322975514	0.0007787565047613411
0.8690181189389797	0.0007766164587637085
0.8697936645772945	0.0007744744994132598
0.870567067301781	0.0007723306319871556
0.8713383252070042	0.0007701848617672421
0.8721074363928131	0.0007680371940400931
0.8728743989643456	0.0007658876340968655
0.8736392110320333	0.0007637361872335421
0.874401870711606	0.0007615828587505229
0.8751623761240962	0.0007594276539530597
0.8759207253958439	0.0007572705781509132
0.8766769166585012	0.0007551116366584789
0.877430948049037	0.0007529508347947378
0.8781828177097414	0.000750788177883277
0.8789325237882304	0.0007486236712522382
0.8796800644374503	0.0007464573202343516
0.8804254378156824	0.0007442891301667983
0.8811686420865478	0.0007421191063914167
0.8819096754190113	0.000739947254254473
0.8826485359873865	0.0007377735791067785
0.8833852219713397	0.0007355980863036321
0.8841197315558952	0.0007334207812047988
0.8848520629314388	0.0007312416691744995
0.8855822142937232	0.0007290607555814121
0.8863101838438717	0.0007268780457987113
0.8870359697883832	0.000724693545203896
0.8877595703391361	0.0007225072591789598
0.8884809837133931	0.0007203191931102248
0.8892002081338055	0.000718129352388481
0.8899172418284174	0.0007159377424088338
0.8906320830306703	0.000713744368570736
0.8913447299794074	0.0007115492362780489
0.8920551809188776	0.0007093523509389095
0.8927634340987404	0.0007071537179657695
0.89346948777407	0.0007049533427754583
0.8941733402053592	0.0007027512307890038
0.8948749896585244	0.0007005473874317859
0.8955744344049091	0.0006983418181334374
0.8962716727212887	0.0006961345283277129
0.8969667028898748	0.000693925523452895
0.8976595231983189	0.0006917148089512175
0.898350131939717	0.0006895023902691957
0.899038527412614	0.0006872882728576645
0.8997247079210074	0.0006850724621714773
0.9004086717743518	0.0006828549636697956
0.9010904172875629	0.0006806357828157965
0.9017699427810217	0.0006784149250769663
0.902447246580579	0.0006761923959247923
0.9031223270175587	0.0006739682008349661
0.9037951824287629	0.0006717423452872145
0.9044658111564751	0.0006695148347653437
0.9051342115484649	0.0006672856747573872
0.9058003819579917	0.0006650548707552549
0.9064643207438092	0.0006628224282550091
0.907126026270169	0.0006605883527567284
0.9077854969068248	0.0006583526497645165
0.908442731029036	0.000656115324786482
0.9090977270175731	0.0006538763833347023
0.9097504832587197	0.0006516358309253141
0.9104009981442778	0.0006493936730783236
0.9110492700715718	0.0006471499153178011
0.9116952974434515	0.0006449045631716491
0.9123390786682971	0.0006426576221717577
0.9129806121600224	0.0006404090978539572
0.9136198963380788	0.0006381589957579108
0.9142569296274599	0.0006359073214272051
0.9148917104587042	0.000633654080409326
0.9155242372678999	0.0006313992782555847
0.9161545084966884	0.0006291429205211062
0.9167825225922682	0.0006268850127649564
0.9174082780073987	0.0006246255605498912
0.9180317732004037	0.0006223645694425433
0.9186530066351764	0.0006201020450133468
0.9192719767811812	0.0006178379928364563
0.9198886821134593	0.0006155724184898327
0.9205031211126316	0.0006133053275552418
0.9211152922649022	0.0006110367256180307
0.9217251940620631	0.0006087666182674325
0.9223328250014968	0.000606495011096295
0.922938183586181	0.000604221909701175
0.9235412683246913	0.0006019473196823436
0.9241420777312057	0.0005996712466436755
0.9247406103255079	0.0005973936961927948
0.9253368646329909	0.0005951146739408563
0.9259308391846608	0.0005928341855027416
0.9265225325171403	0.0005905522364968804
0.9271119431726726	0.0005882688325453217
0.9276990696991243	0.0005859839792736497
0.9282839106499896	0.0005836976823111506
0.9288664645843938	0.0005814099472905025
0.9294467300670968	0.0005791207798480911
0.930024705668496	0.0005768301856236835
0.9306003899646311	0.0005745381702606233
0.9311737815371866	0.0005722447394057898
0.9317448789734956	0.000569949898709479
0.932313680866543	0.00056765365382554
0.9328801858149698	0.0005653560104112353
0.9334443924230755	0.000563056974127255
0.9340062993008224	0.0005607565506377328
0.9345659050638384	0.0005584547456102653
0.9351232083334206	0.0005561515647157863
0.935678207736539	0.0005538470136286707
0.9362309019058396	0.0005515410980266594
0.9367812894796477	0.0005492338235908148
0.9373293691019714	0.0005469251960056013
0.937875139422505	0.0005446152209587857
0.9384185990966322	0.0005423039041414515
0.9389597467854292	0.0005399912512480107
0.9394985811556686	0.0005376772679761656
0.9400351008798223	0.0005353619600268794
0.9405693046360647	0.0005330453331043528
0.9411011911082757	0.0005307273929160985
0.9416307589860451	0.0005284081451728245
0.9421580069646743	0.0005260875955884668
0.9426829337451806	0.0005237657498801915
0.9432055380343002	0.0005214426137683126
0.9437258185444907	0.0005191181929763863
0.9442437739939351	0.0005167924932310752
0.9447594031065449	0.0005144655202621671
0.9452727046119626	0.0005121372798027264
0.9457836772455654	0.0005098077775887664
0.9462923197484684	0.0005074770193595227
0.9467986308675268	0.0005051450108573261
0.9473026093553404	0.0005028117578274946
0.9478042539702554	0.0005004772660185041
0.9483035634763681	0.0004981415411818281
0.948800536643528	0.000495804589072047
0.9492951722473404	0.0004934664154466788
0.9497874690691697	0.0004911270260662867
0.9502774258961424	0.000488786426694468
0.9507650415211503	0.00048644462309774137
0.9512503147428527	0.00048410162104562646
0.9517332443656804	0.0004817574263105519
0.9522138291998379	0.00047941204466797003
0.9526920680613066	0.00047706548189617237
0.9531679597718477	0.0004747177437763916
0.9536415031590048	0.00047236883609280006
0.9541126970561076	0.00047001876463235163
0.9545815403022738	0.0004676675351849792
0.9550480317424127	0.0004653151535433998
0.9555121702272277	0.00046296162550314723
0.955973954613219	0.00046060695686265943
0.9564333837626867	0.0004582511534231746
0.9568904565437336	0.000455894220988591
0.9573451718302678	0.0004535361653657732
0.9577975285020055	0.00045117699236425454
0.9582475254444741	0.00044881670779632464
0.9586951615490144	0.00044645531747702515
0.9591404357127835	0.0004440928272241244
0.9595833468387582	0.0004417292428581306
0.9600238938357364	0.0004393645702021662
0.9604620756183411	0.0004369988150821066
0.9608978911070221	0.0004346319833264676
0.9613313392280592	0.00043226408076643534
0.9617624189135647	0.00042989511323580026
0.9621911291014861	0.00042752508657099646
0.9626174687356084	0.0004251540066111151
0.9630414367655571	0.00042278187919772044
0.9634630321468006	0.00042040871017505927
0.9638822538406531	0.00041803450538993673
0.9642991008142762	0.00041565927069169673
0.9647135720406826	0.00041328301193214475
0.9651256664987382	0.00041090573496578505
0.9655353831731642	0.0004085274456494436
0.9659427210545402	0.00040614814984253806
0.9663476791393064	0.0004037678534069332
0.966750256429766	0.00040138656220702155
0.9671504519340879	0.00039900428210959963
0.9675482646663089	0.00039662101898380053
0.9679436936463366	0.00039423677870137607
0.9683367378999508	0.00039185156713637115
0.9687273964588072	0.000389465390165214
0.9691156683604388	0.0003870782536667475
0.9695015526482587	0.00038469016352220644
0.9698850483715623	0.000382301125615094
0.97026615458553	0.00037991114583130436
0.9706448703512287	0.0003775202300590185
0.9710211947356153	0.0003751283841887945
0.9713951268115378	0.0003727356141133659
0.9717666656577387	0.0003703419257278557
0.972135810358856	0.00036794732492959964
0.9725025600054268	0.0003655518176181557
0.9728669136938886	0.00036315540969538904
0.9732288705265818	0.00036075810706531276
0.9735884296117522	0.0003583599156341605
0.9739455900635525	0.00035596084131037195
0.9743003510020455	0.000353560890004562
0.9746527115532052	0.00035116006762950854
0.9750026708489197	0.0003487583801001053
0.975350228026993	0.0003463558333334112
0.975695382231147	0.0003439524332485777
0.9760381326110245	0.00034154818576687834
0.9763784783221897	0.00033914309681168137
0.9767164185261318	0.00033673717230839134
0.9770519523902663	0.00033433041818450767
0.977385079087937	0.00033192284036953607
0.9777157977984188	0.0003295144447950712
0.9780441077069185	0.0003271052373946485
0.978370008004578	0.0003246952241038809
0.9786934978884753	0.0003222844108602602
0.9790145765616274	0.00031987280360340573
0.9793332432329915	0.00031746040827474
0.9796494971174674	0.0003150472308176995
0.9799633374358993	0.00031263327717765847
0.9802747634150775	0.0003102185533019023
0.9805837742877407	0.0003078030651395171
0.9808903692925779	0.00030538681864162383
0.9811945476742298	0.00030296981976108615
0.9814963086832909	0.00030055207445272333
0.9817956515763114	0.0002981335886730975
0.9820925756157993	0.000295714368380684
0.9823870800702219	0.0002932944195356806
0.9826791642140073	0.0002908737481001583
0.9829688273275466	0.00028845236003793173
0.9832560686971961	0.0002860302613145529
0.9835408876152778	0.00028360745789741254
0.9838232833800825	0.00028118395575550535
0.9841032552958708	0.00027875976085968565
0.9843808026728748	0.00027633487918243116
0.9846559248272999	0.00027390931669787867
0.9849286210813267	0.0002714830793820026
0.9851988907631126	0.00026905617321223556
0.985466733206793	0.0002666286041678185
0.9857321477524836	0.00026420037822954265
0.9859951337462816	0.00026177150137981494
0.9862556905402674	0.00025934197960270273
0.9865138174925063	0.0002569118188838144
0.9867695139670501	0.0002544810252103133
0.9870227793339383	0.0002520496045710001
0.9872736129692004	0.0002496175629561734
0.9875220142548562	0.00024718490635762145
0.9877679825789187	0.0002447516407687412
0.9880115173353952	0.0002423177721843558
0.9882526179242878	0.00023988330660077326
0.9884912837515962	0.00023744825001582797
0.9887275142293187	0.00023501260842878825
0.9889613087754533	0.00023257638784033246
0.9891926668139995	0.0002301395942525558
0.9894215877749598	0.0002277022336690334
0.9896480710943406	0.00022526431209469747
0.9898721162141544	0.00022282583553584102
0.99009372258242	0.00022038681000018556
0.9903128896531654	0.0002179472414967691
0.9905296168864277	0.00021550713603591095
0.9907439037482554	0.00021306649962936778
0.9909557497107089	0.00021062533829010972
0.9911651542518627	0.00020818365803243092
0.9913721168558062	0.0002057414648719492
0.9915766370126446	0.00020329876482547764
0.9917787142185012	0.00020085556391110222
0.9919783479755173	0.00019841186814814474
0.9921755377918547	0.00019596768355717084
0.9923702831816962	0.00019352301615990588
0.9925625836652467	0.000191077871979282
0.992752438768735	0.0001886322570394289
0.9929398480244143	0.00018618617736559996
0.9931248109705636	0.00018373963898424086
0.9933073271514894	0.00018129264792289237
0.9934873961175257	0.00017884521021016954
0.9936650174250359	0.0001763973318759068
0.9938401906364138	0.00017394901895091168
0.9940129153200847	0.00017150027746709817
0.9941831910505061	0.00016905111345743822
0.994351017408169	0.00016660153295598777
0.9945163939795992	0.00016415154199774057
0.9946793203573576	0.00016170114661880134
0.9948397961400421	0.0001592503528561734
0.9949978209322881	0.00015679916674790688
0.9951533943447691	0.00015434759433299375
0.9953065159941985	0.00015189564165142411
0.9954571855033301	0.00014944331474403612
0.9956054025009586	0.00014699061965265577
0.9957511666219216	0.00014453756242001792
0.9958944775070995	0.0001420841490897096
0.9960353348034167	0.00013963038570627005
0.9961737381638427	0.00013717627831498334
0.9963096872473928	0.00013472183296206982
0.9964431817191286	0.00013226705569462438
0.9965742212501597	0.00012981195256042254
0.9967028055176435	0.00012735652960810045
0.9968289342047864	0.00012490079288720107
0.996952607000845	0.0001224447484478788
0.9970738236011264	0.00011998840234112961
0.9971925837069887	0.00011753176061869193
0.9973088870258426	0.00011507482933300517
0.9974227332711514	0.0001126176145372169
0.9975341221624318	0.00011016012228523217
0.9976430534252546	0.00010770235863159945
0.9977495267912461	0.00010524432963155328
0.9978535419980875	0.0001027860413409525
0.9979550987895167	0.0001003274998163834
0.998054196915328	0.00009786871111497977
0.9981508361313736	0.00009540968129452212
0.9982450161995635	0.00009295041641337051
0.9983367368878664	0.00009049092253054272
0.9984259979703105	0.00008803120570554096
0.9985127992269834	0.0000855712719985092
0.9985971404440337	0.00008311112747007819
0.9986790214136703	0.00008065077818149057
0.9987584419341639	0.00007819023019444377
0.9988354018098471	0.00007572948957119578
0.9989099008511151	0.00007326856237458999
0.9989819388744262	0.000070807454667824
0.999051515702302	0.00006834617251473808
0.9991186311633283	0.00006588472197962532
0.9991832850921556	0.00006342310912736992
0.9992454773294991	0.00006096134002322386
0.9993052077221399	0.00005849942073320649
0.9993624761229257	0.00005603735732375908
0.9994172823907702	0.000053575155862227775
0.9994696263906553	0.00005111282241646827
0.9995195079936313	0.00004865036305536455
0.9995669270768177	0.00004618778384899557
0.9996118835234046	0.00004372509086874001
0.9996543772226549	0.0000412622901879875
0.9996944080699058	0.00003879938788290426
0.9997319759665725	0.00003633639003339195
0.999767080820153	0.00003387330272549976
0.9997997225442355	0.00003141013205425501
0.9998299010585102	0.000028946884129838186
0.9998576162887889	0.000026483565087739785
0.9998828681670391	0.000024020181108627668
0.9999056566314471	0.000021556738457800143
0.9999259816265388	0.00001909324357033562
0.9999438431034344	0.000016629703248856026
0.9999592410204298	0.000014166125175991927
0.999972175344492	0.000011702519430751172
0.9999826460557549	9.238903877089881e-6
0.9999906531644392	6.775329071796693e-6
0.9999961968016375	4.312053912755263e-6
0.9999992781849852	1.8524102004295533e-6